/store/mc/RunIISummer16MiniAODv2/VBFHToTauTau_M125_13TeV_powheg_pythia8/MINIAODSIM/PUMoriond17_80X_mcRun2_asymptotic_2016_TrancheIV_v6-v1/120000/0A1C9276-92C4-E611-B966-00266CF2CD48.root
[[7181, 7181], [7183, 7183], [7208, 7208], [7582, 7582], [7609, 7609], [7619, 7619], [7657, 7658]]
/store/mc/RunIISummer16MiniAODv2/VBFHToTauTau_M125_13TeV_powheg_pythia8/MINIAODSIM/PUMoriond17_80X_mcRun2_asymptotic_2016_TrancheIV_v6-v1/120000/3496E87B-6CC7-E611-9F6D-1CB72C1B63C2.root
[[2435, 2435], [2897, 2900], [5533, 5533], [5662, 5662], [6916, 6916], [7180, 7180], [7259, 7259], [7424, 7425], [7555, 7555], [7702, 7702]]
/store/mc/RunIISummer16MiniAODv2/VBFHToTauTau_M125_13TeV_powheg_pythia8/MINIAODSIM/PUMoriond17_80X_mcRun2_asymptotic_2016_TrancheIV_v6-v1/120000/D662E4EE-8DC8-E611-91C3-008CFA00317C.root
[[2893, 2896], [2901, 2904], [7677, 7678], [7693, 7693], [7699, 7699], [7703, 7703]]
/store/mc/RunIISummer16MiniAODv2/VBFHToTauTau_M125_13TeV_powheg_pythia8/MINIAODSIM/PUMoriond17_80X_mcRun2_asymptotic_2016_TrancheIV_v6-v1/50000/0E712644-6BC7-E611-A85D-1CB72C0A3DC5.root
[[39, 39], [160, 160], [271, 271], [294, 294], [402, 402], [448, 448], [453, 453], [605, 605], [609, 610], [675, 675], [681, 681], [687, 687], [689, 690], [692, 694], [796, 796], [937, 937], [939, 939], [945, 946], [1030, 1030], [1192, 1192], [1225, 1227], [1230, 1232], [1234, 1235], [1333, 1333], [1335, 1335], [1337, 1338], [1344, 1344], [1590, 1590], [1853, 1853], [1876, 1876], [1930, 1930], [2103, 2103], [2108, 2108], [2179, 2179], [2182, 2182], [2206, 2206], [2574, 2574], [2708, 2708], [2765, 2766], [2771, 2771], [2850, 2851], [2854, 2854], [2856, 2856], [2871, 2871], [3017, 3017], [3019, 3019], [3066, 3067], [3076, 3076], [3107, 3107], [3211, 3211], [3213, 3213], [3229, 3229], [3234, 3234], [3242, 3244], [3251, 3252], [3372, 3372], [3501, 3503], [3579, 3579], [3732, 3732], [3817, 3817], [3824, 3824], [3941, 3941], [3946, 3946], [4057, 4057], [4081, 4081], [4083, 4083], [4090, 4091], [4099, 4099], [4206, 4206], [4214, 4214], [4620, 4620], [4804, 4804], [4811, 4811], [4920, 4920], [4972, 4972], [4976, 4977], [5015, 5015], [5116, 5116], [5140, 5140], [5145, 5145], [5147, 5147], [5149, 5149], [5151, 5152], [5154, 5154], [5156, 5157], [5239, 5239], [5309, 5309], [5314, 5314], [5327, 5327], [5354, 5354], [5473, 5473], [5725, 5725], [5730, 5730], [5733, 5733], [5740, 5740], [5742, 5742], [5745, 5745], [5930, 5930], [5932, 5932], [6067, 6067], [6305, 6305], [6307, 6307], [6635, 6635], [6731, 6731], [6734, 6734], [6845, 6845], [6875, 6875], [6881, 6881], [6884, 6884], [6888, 6888]]
/store/mc/RunIISummer16MiniAODv2/VBFHToTauTau_M125_13TeV_powheg_pythia8/MINIAODSIM/PUMoriond17_80X_mcRun2_asymptotic_2016_TrancheIV_v6-v1/50000/10B1E335-21C6-E611-A53D-0CC47A706D26.root
[[1, 4], [8, 8], [10, 10], [36, 36], [155, 155], [173, 173], [178, 179], [486, 486], [495, 496], [556, 556], [624, 624], [843, 843], [848, 848], [850, 850], [904, 904], [907, 907], [909, 909], [911, 911], [1026, 1026], [1200, 1200], [1359, 1359], [1362, 1362], [1364, 1364], [1433, 1433], [1437, 1438], [1520, 1520], [1577, 1578], [1585, 1586], [1592, 1592], [1595, 1595], [1657, 1657], [1873, 1873], [1882, 1882], [2041, 2041], [2048, 2048], [2097, 2098], [2129, 2129], [2133, 2133], [2307, 2307], [2367, 2367], [2369, 2370], [2372, 2372], [2375, 2375], [2465, 2465], [2602, 2602], [2839, 2839], [2855, 2855], [2985, 2985], [3054, 3054], [3056, 3056], [3058, 3058], [3171, 3171], [3241, 3241], [3245, 3245], [3249, 3249], [3362, 3362], [3463, 3463], [3514, 3514], [3599, 3600], [3795, 3795], [3799, 3799], [3804, 3804], [3819, 3819], [3904, 3904], [3912, 3912], [4258, 4258], [4266, 4267], [4271, 4271], [4457, 4457], [4570, 4571], [4662, 4662], [4732, 4732], [4734, 4734], [4740, 4740], [4880, 4880], [4912, 4912], [4973, 4975], [5012, 5013], [5236, 5236], [5461, 5461], [5706, 5706], [5904, 5904], [5940, 5940], [5991, 5991], [5993, 5993], [5997, 5997], [6005, 6005], [6007, 6007], [6152, 6155], [6234, 6234], [6306, 6306], [6308, 6310], [6346, 6346], [6353, 6353], [6357, 6357], [6571, 6571], [6656, 6656], [6808, 6808], [6814, 6814], [6903, 6903], [6909, 6909], [7003, 7003], [7005, 7007], [7010, 7011], [7013, 7013], [7048, 7048], [7131, 7131], [7134, 7134], [7313, 7313], [7316, 7316], [7384, 7384], [7386, 7386], [7430, 7430], [7433, 7433], [7439, 7439], [7473, 7473], [7597, 7597], [7603, 7603]]
/store/mc/RunIISummer16MiniAODv2/VBFHToTauTau_M125_13TeV_powheg_pythia8/MINIAODSIM/PUMoriond17_80X_mcRun2_asymptotic_2016_TrancheIV_v6-v1/50000/16123245-3AC5-E611-9891-3417EBE7063F.root
[[211, 211], [230, 230], [1519, 1519], [1589, 1589], [2255, 2255], [2371, 2371], [2595, 2595], [2597, 2597], [2600, 2600], [2923, 2923], [2933, 2933], [2987, 2987], [3175, 3175], [4077, 4077], [4257, 4257], [4458, 4458], [4460, 4460], [4639, 4639], [4641, 4641], [4736, 4736], [5168, 5168], [5522, 5523], [5578, 5579], [5656, 5656], [5659, 5659], [5831, 5831], [6496, 6496], [6498, 6498], [6502, 6502], [6523, 6523], [6541, 6541], [6559, 6559], [6562, 6563], [6775, 6775], [6777, 6777], [6779, 6779], [6801, 6801], [6804, 6804], [6836, 6839], [7028, 7028], [7058, 7058], [7117, 7117], [7159, 7159], [7364, 7364], [7378, 7378], [7499, 7499], [7506, 7506], [7509, 7509], [7511, 7511], [7578, 7579], [7671, 7671], [7675, 7675]]
/store/mc/RunIISummer16MiniAODv2/VBFHToTauTau_M125_13TeV_powheg_pythia8/MINIAODSIM/PUMoriond17_80X_mcRun2_asymptotic_2016_TrancheIV_v6-v1/50000/20775F52-30C6-E611-AB79-001EC9AF2528.root
[[3390, 3390], [3393, 3393], [3399, 3399], [3589, 3589]]
/store/mc/RunIISummer16MiniAODv2/VBFHToTauTau_M125_13TeV_powheg_pythia8/MINIAODSIM/PUMoriond17_80X_mcRun2_asymptotic_2016_TrancheIV_v6-v1/50000/2099A9F5-ADC5-E611-8953-1CB72C1B2D80.root
[[96, 96], [106, 106], [161, 161], [176, 177], [214, 214], [235, 236], [278, 278], [280, 282], [295, 295], [298, 298], [313, 313], [445, 445], [485, 485], [603, 604], [608, 608], [611, 611], [638, 638], [640, 640], [647, 647], [674, 674], [733, 734], [768, 768], [905, 905], [912, 912], [984, 984], [1012, 1013], [1015, 1015], [1023, 1023], [1065, 1065], [1128, 1128], [1152, 1152], [1167, 1168], [1199, 1199], [1250, 1250], [1254, 1254], [1309, 1312], [1315, 1316], [1320, 1320], [1358, 1358], [1368, 1368], [1432, 1432], [1447, 1447], [1518, 1518], [1576, 1576], [1580, 1580], [1582, 1583], [1624, 1625], [1633, 1633], [1637, 1637], [1643, 1643], [1731, 1731], [1740, 1740], [1790, 1790], [1820, 1820], [1856, 1856], [1859, 1860], [1874, 1874], [1923, 1923], [1927, 1927], [1929, 1929], [1932, 1932], [1951, 1951], [1955, 1955], [1961, 1961], [1965, 1965], [1967, 1967], [2051, 2051], [2082, 2083], [2093, 2096], [2125, 2125], [2127, 2127], [2135, 2135], [2162, 2165], [2177, 2177], [2208, 2208], [2233, 2233], [2245, 2245], [2344, 2344], [2351, 2352], [2373, 2373], [2376, 2376], [2379, 2379], [2469, 2469], [2571, 2571], [2582, 2582], [2584, 2584], [2586, 2586], [2627, 2628], [2686, 2686], [2706, 2706], [2712, 2712], [2718, 2718], [2720, 2720], [2722, 2722], [2755, 2755], [2778, 2779], [2782, 2782], [2784, 2784], [2874, 2874], [2922, 2922], [2931, 2931], [2935, 2935], [3001, 3001], [3004, 3004], [3008, 3008], [3018, 3018], [3036, 3036], [3072, 3072], [3074, 3074], [3077, 3077], [3081, 3081], [3101, 3101], [3106, 3106], [3108, 3108], [3111, 3111], [3158, 3158], [3178, 3178], [3215, 3216], [3238, 3238], [3266, 3269], [3272, 3272], [3274, 3274], [3374, 3374], [3389, 3389], [3402, 3402], [3455, 3455], [3466, 3466], [3494, 3494], [3504, 3504], [3553, 3554], [3556, 3556], [3558, 3558], [3560, 3560], [3562, 3562], [3587, 3587], [3687, 3687], [3748, 3748], [3793, 3793], [3802, 3802], [3855, 3855], [3903, 3903], [3909, 3909], [3985, 3985], [4021, 4021], [4025, 4025], [4069, 4069], [4072, 4072], [4074, 4074], [4129, 4129], [4201, 4201], [4238, 4238], [4241, 4241], [4243, 4243], [4246, 4246], [4405, 4405], [4413, 4414], [4449, 4449], [4509, 4509], [4545, 4545], [4631, 4631], [4633, 4633], [4642, 4642], [4657, 4657], [4671, 4672], [4683, 4683], [4692, 4692], [4707, 4707], [4719, 4719], [4725, 4725], [4831, 4831], [4851, 4851], [4866, 4866], [4873, 4873], [4934, 4934], [4964, 4964], [4966, 4968], [4994, 4994], [5032, 5032], [5054, 5056], [5059, 5060], [5087, 5087], [5113, 5113], [5124, 5124], [5162, 5162], [5238, 5238], [5336, 5336], [5339, 5339], [5353, 5353], [5360, 5360], [5401, 5401], [5497, 5497], [5502, 5503], [5506, 5506], [5521, 5521], [5524, 5524], [5559, 5560], [5651, 5652], [5687, 5687], [5756, 5757], [5893, 5893], [6047, 6047], [6061, 6061], [6070, 6070], [6110, 6111], [6115, 6115], [6117, 6117], [6143, 6144], [6146, 6147], [6194, 6194], [6218, 6218], [6220, 6220], [6272, 6272], [6297, 6297], [6325, 6331], [6333, 6333], [6470, 6470], [6475, 6475], [6503, 6503], [6525, 6525], [6542, 6542], [6547, 6547], [6560, 6561], [6596, 6596], [6598, 6598], [6600, 6600], [6653, 6653], [6667, 6667], [6745, 6745], [6769, 6769], [6774, 6774], [6833, 6834], [6843, 6843], [6846, 6846], [6849, 6851], [6868, 6868], [6870, 6870], [6879, 6879], [6883, 6883], [6885, 6885], [6917, 6917], [6925, 6925], [6928, 6929], [6933, 6933], [6939, 6939], [6943, 6943], [6973, 6973], [6982, 6982], [7023, 7023], [7045, 7046], [7057, 7057], [7059, 7059], [7062, 7062], [7119, 7119], [7121, 7121], [7124, 7124], [7126, 7128], [7178, 7178], [7198, 7199], [7218, 7218], [7220, 7221], [7223, 7223], [7239, 7239], [7242, 7243], [7246, 7246], [7248, 7248], [7274, 7274], [7299, 7299], [7302, 7302], [7329, 7329], [7379, 7379], [7486, 7487], [7508, 7508], [7510, 7510], [7543, 7544], [7547, 7547], [7574, 7574], [7577, 7577], [7586, 7587], [7592, 7592]]
/store/mc/RunIISummer16MiniAODv2/VBFHToTauTau_M125_13TeV_powheg_pythia8/MINIAODSIM/PUMoriond17_80X_mcRun2_asymptotic_2016_TrancheIV_v6-v1/50000/24AD1E0A-32C3-E611-86BD-3417EBE7009F.root
[[38, 38], [45, 45], [69, 69], [93, 93], [99, 99], [197, 197], [202, 202], [207, 207], [269, 269], [285, 285], [287, 287], [315, 316], [377, 377], [404, 404], [406, 406], [500, 500], [564, 564], [569, 569], [572, 573], [612, 612], [615, 615], [619, 619], [634, 635], [685, 686], [696, 696], [757, 757], [765, 765], [836, 836], [841, 841], [851, 851], [951, 952], [956, 956], [973, 973], [978, 978], [1117, 1117], [1119, 1119], [1122, 1126], [1165, 1165], [1191, 1191], [1195, 1195], [1197, 1197], [1228, 1228], [1236, 1236], [1239, 1240], [1242, 1242], [1245, 1245], [1247, 1247], [1314, 1314], [1319, 1319], [1336, 1336], [1339, 1339], [1341, 1341], [1343, 1343], [1445, 1445], [1448, 1448], [1452, 1452], [1515, 1515], [1554, 1555], [1560, 1560], [1667, 1667], [1733, 1733], [1849, 1849], [1878, 1878], [1883, 1883], [1885, 1885], [1925, 1926], [1945, 1945], [1969, 1969], [1973, 1974], [1997, 1997], [2000, 2000], [2002, 2003], [2042, 2042], [2046, 2046], [2102, 2102], [2105, 2105], [2112, 2112], [2198, 2200], [2203, 2203], [2345, 2345], [2349, 2350], [2388, 2388], [2394, 2395], [2398, 2398], [2579, 2579], [2705, 2705], [2762, 2762], [2767, 2767], [2772, 2772], [2833, 2833], [2836, 2836], [2875, 2875], [2878, 2878], [3003, 3003], [3013, 3013], [3016, 3016], [3021, 3021], [3027, 3027], [3029, 3032], [3061, 3061], [3065, 3065], [3068, 3068], [3070, 3071], [3073, 3073], [3075, 3075], [3078, 3078], [3080, 3080], [3082, 3082], [3097, 3099], [3104, 3104], [3119, 3119], [3205, 3207], [3209, 3209], [3212, 3212], [3214, 3214], [3231, 3231], [3237, 3237], [3239, 3239], [3352, 3352], [3355, 3355], [3359, 3359], [3371, 3371], [3385, 3385], [3408, 3408], [3464, 3464], [3495, 3496], [3508, 3508], [3533, 3533], [3539, 3539], [3577, 3577], [3580, 3580], [3585, 3585], [3590, 3590], [3721, 3721], [3730, 3730], [3794, 3794], [3796, 3797], [3801, 3801], [3838, 3839], [3854, 3854], [3859, 3859], [3861, 3861], [3927, 3927], [3936, 3936], [3940, 3940], [3948, 3948], [3952, 3952], [3959, 3959], [4027, 4027], [4066, 4066], [4087, 4088], [4092, 4092], [4111, 4111], [4177, 4177], [4181, 4181], [4208, 4208], [4212, 4212], [4223, 4223], [4286, 4287], [4293, 4293], [4441, 4441], [4445, 4445], [4452, 4452], [4478, 4478], [4495, 4496], [4535, 4535], [4566, 4566], [4607, 4607], [4612, 4612], [4615, 4615], [4661, 4661], [4666, 4667], [4682, 4682], [4686, 4686], [4688, 4689], [4691, 4691], [4911, 4911], [4918, 4918], [5028, 5028], [5171, 5171], [5300, 5300], [5302, 5302], [5319, 5319], [5321, 5321], [5363, 5364], [5462, 5462], [5482, 5483], [5508, 5508], [5711, 5711], [5729, 5729], [5738, 5738], [5785, 5785], [5790, 5791], [5796, 5796], [5846, 5846], [5850, 5850], [5880, 5880], [5892, 5892], [5896, 5896], [5898, 5898], [5901, 5901], [6000, 6000], [6004, 6004], [6010, 6010], [6019, 6019], [6022, 6022], [6062, 6062], [6066, 6066], [6071, 6071], [6098, 6098], [6104, 6105], [6114, 6114], [6171, 6171], [6181, 6181], [6190, 6190], [6192, 6192], [6273, 6273], [6293, 6293], [6348, 6348], [6494, 6494], [6500, 6500], [6544, 6544], [6548, 6549], [6565, 6566], [6568, 6570], [6572, 6573], [6575, 6575], [6736, 6736], [6743, 6743], [6805, 6805], [6807, 6807], [6809, 6809], [6811, 6812], [6827, 6828], [6841, 6841], [6844, 6844], [6873, 6873], [6893, 6893], [6898, 6898], [6900, 6901], [6904, 6904], [6906, 6906], [6910, 6911], [7016, 7016], [7018, 7019], [7056, 7056], [7065, 7065], [7189, 7189], [7196, 7196], [7200, 7200], [7237, 7237], [7247, 7247], [7297, 7298], [7300, 7301], [7413, 7413], [7429, 7429], [7447, 7447], [7449, 7449], [7462, 7462], [7468, 7468], [7490, 7490], [7493, 7493], [7495, 7495], [7537, 7537], [7541, 7542], [7546, 7546], [7575, 7575], [7588, 7588], [7670, 7670], [7676, 7676]]
/store/mc/RunIISummer16MiniAODv2/VBFHToTauTau_M125_13TeV_powheg_pythia8/MINIAODSIM/PUMoriond17_80X_mcRun2_asymptotic_2016_TrancheIV_v6-v1/50000/26192D4A-51C4-E611-A9BC-0CC47A7FC72C.root
[[7, 7], [28, 28], [37, 37], [64, 65], [72, 72], [89, 89], [91, 91], [95, 95], [98, 98], [148, 148], [151, 151], [170, 171], [193, 193], [212, 212], [215, 215], [229, 229], [273, 273], [299, 300], [373, 373], [412, 412], [452, 452], [482, 482], [484, 484], [497, 497], [554, 554], [563, 563], [606, 607], [616, 616], [618, 618], [625, 625], [629, 629], [632, 632], [673, 673], [677, 677], [684, 684], [759, 759], [761, 761], [763, 763], [766, 767], [844, 844], [846, 846], [902, 902], [949, 950], [1024, 1025], [1175, 1175], [1194, 1194], [1244, 1244], [1246, 1246], [1248, 1248], [1253, 1253], [1257, 1257], [1435, 1435], [1449, 1449], [1451, 1451], [1613, 1613], [1662, 1664], [1666, 1666], [1734, 1734], [1736, 1736], [1792, 1792], [1822, 1824], [1875, 1875], [1948, 1948], [2044, 2044], [2077, 2077], [2131, 2131], [2174, 2175], [2235, 2235], [2241, 2241], [2387, 2387], [2389, 2389], [2396, 2396], [2463, 2463], [2470, 2470], [2499, 2499], [2501, 2502], [2572, 2572], [2605, 2605], [2615, 2615], [2680, 2680], [2684, 2684], [2687, 2687], [2918, 2918], [2977, 2977], [3009, 3010], [3012, 3012], [3025, 3025], [3033, 3034], [3057, 3057], [3062, 3062], [3069, 3069], [3174, 3174], [3176, 3176], [3184, 3184], [3188, 3188], [3210, 3210], [3391, 3392], [3429, 3429], [3432, 3432], [3459, 3459], [3465, 3465], [3467, 3467], [3493, 3493], [3536, 3536], [3582, 3582], [3688, 3688], [3709, 3709], [3749, 3749], [3833, 3833], [3849, 3850], [3925, 3926], [4084, 4084], [4086, 4086], [4116, 4116], [4180, 4180], [4207, 4207], [4209, 4209], [4211, 4211], [4218, 4218], [4604, 4604], [4675, 4675], [4684, 4684], [4853, 4853], [5000, 5000], [5002, 5002], [5036, 5036], [5165, 5165], [5214, 5214], [5219, 5219], [5234, 5234], [5304, 5304], [5308, 5308], [5320, 5320], [5323, 5323], [5326, 5326], [5377, 5377], [5383, 5384], [5386, 5386], [5402, 5405], [5425, 5425], [5428, 5429], [5434, 5436], [5463, 5464], [5475, 5475], [5498, 5498], [5501, 5501], [5504, 5504], [5669, 5669], [5701, 5701], [5705, 5705], [5709, 5709], [5728, 5728], [5731, 5732], [5885, 5885], [6064, 6064], [6180, 6180], [6229, 6229], [6295, 6296], [6311, 6311], [6340, 6340], [6356, 6356], [6495, 6495], [6499, 6499], [6655, 6655], [6742, 6742], [6768, 6768], [6806, 6806], [6810, 6810], [6852, 6852], [6866, 6866], [6890, 6891], [7137, 7137], [7192, 7192], [7240, 7240], [7434, 7434], [7471, 7471], [7538, 7538], [7598, 7600]]
/store/mc/RunIISummer16MiniAODv2/VBFHToTauTau_M125_13TeV_powheg_pythia8/MINIAODSIM/PUMoriond17_80X_mcRun2_asymptotic_2016_TrancheIV_v6-v1/50000/38755AF6-93D0-E611-853C-0CC47A010010.root
[[773, 773], [776, 776], [778, 779], [1564, 1564], [1937, 1937], [2159, 2159], [2407, 2407], [4325, 4328], [6354, 6354], [7407, 7407]]
/store/mc/RunIISummer16MiniAODv2/VBFHToTauTau_M125_13TeV_powheg_pythia8/MINIAODSIM/PUMoriond17_80X_mcRun2_asymptotic_2016_TrancheIV_v6-v1/50000/44ADBBC2-90D0-E611-BA52-842B2B7680D5.root
[[5620, 5620], [5624, 5624], [5645, 5645], [5822, 5822], [5824, 5824], [5905, 5905], [5917, 5917], [5919, 5919], [5924, 5924], [5943, 5943], [5947, 5947], [5953, 5953], [6044, 6044], [6129, 6129], [6222, 6222], [6254, 6254], [6258, 6261], [6263, 6264], [6271, 6271], [6275, 6275], [6278, 6279], [6281, 6281], [6284, 6284], [6286, 6286], [6402, 6402], [6405, 6405], [6480, 6480], [6518, 6518], [6610, 6610], [6620, 6620], [6671, 6671], [6690, 6690], [6693, 6693], [6709, 6709], [6711, 6711], [6715, 6715], [6749, 6749], [6751, 6752], [6755, 6756], [6780, 6780], [6795, 6795], [6800, 6800], [6944, 6944], [7066, 7067], [7107, 7107], [7167, 7167], [7341, 7342], [7346, 7346], [7350, 7350], [7373, 7373], [7375, 7375], [7479, 7479], [7481, 7481], [7561, 7561], [7679, 7680], [7694, 7695], [7697, 7697], [7710, 7710]]
/store/mc/RunIISummer16MiniAODv2/VBFHToTauTau_M125_13TeV_powheg_pythia8/MINIAODSIM/PUMoriond17_80X_mcRun2_asymptotic_2016_TrancheIV_v6-v1/50000/52828F95-93D0-E611-8346-002590AC5060.root
[[270, 270], [379, 379], [980, 980], [1171, 1172], [1313, 1313], [1638, 1638], [1852, 1852], [1953, 1953], [2043, 2043], [2106, 2106], [2207, 2207], [2316, 2316], [2840, 2840], [2852, 2853], [3011, 3011], [3014, 3014], [3026, 3026], [3028, 3028], [3091, 3093], [3095, 3095], [3232, 3232], [3240, 3240], [3246, 3248], [3250, 3250], [3363, 3363], [3535, 3535], [3835, 3835], [4023, 4023], [4030, 4030], [4215, 4215], [4285, 4285], [4443, 4443], [4498, 4498], [4527, 4527], [4529, 4529], [4531, 4532], [4606, 4606], [4621, 4621], [4629, 4629], [4643, 4643], [4735, 4735], [4738, 4738], [4794, 4794], [4798, 4798], [4874, 4874], [4919, 4919], [4971, 4971], [4998, 4998], [5006, 5007], [5018, 5018], [5024, 5024], [5123, 5123], [5220, 5220], [5734, 5734], [6001, 6001], [6289, 6289], [6359, 6359], [6644, 6644], [6657, 6657], [6813, 6813], [6965, 6965], [6984, 6984], [7009, 7009], [7014, 7015], [7047, 7047], [7190, 7190], [7368, 7368], [7443, 7443], [7445, 7446], [7454, 7454], [7476, 7476], [7492, 7492], [7593, 7594], [7632, 7632]]
/store/mc/RunIISummer16MiniAODv2/VBFHToTauTau_M125_13TeV_powheg_pythia8/MINIAODSIM/PUMoriond17_80X_mcRun2_asymptotic_2016_TrancheIV_v6-v1/50000/6E3E8B7B-A9C4-E611-8520-842B2B768127.root
[[5, 6], [25, 26], [32, 32], [34, 34], [66, 67], [198, 198], [200, 200], [276, 276], [293, 293], [400, 400], [407, 407], [409, 410], [454, 456], [565, 568], [570, 571], [574, 575], [602, 602], [679, 679], [683, 683], [688, 688], [691, 691], [695, 695], [760, 760], [762, 762], [798, 798], [800, 800], [802, 803], [830, 830], [833, 833], [838, 838], [842, 842], [849, 849], [852, 852], [906, 906], [908, 908], [910, 910], [974, 975], [1018, 1018], [1142, 1142], [1173, 1174], [1229, 1229], [1241, 1241], [1243, 1243], [1366, 1367], [1434, 1434], [1514, 1514], [1516, 1517], [1552, 1553], [1558, 1559], [1609, 1610], [1619, 1619], [1735, 1735], [1753, 1754], [1785, 1785], [1851, 1851], [1881, 1881], [1892, 1896], [1921, 1921], [1949, 1950], [1952, 1952], [1954, 1954], [1970, 1972], [1975, 1976], [2047, 2047], [2111, 2111], [2132, 2132], [2183, 2183], [2313, 2313], [2342, 2342], [2347, 2348], [2365, 2366], [2392, 2393], [2399, 2399], [2500, 2500], [2524, 2524], [2569, 2569], [2577, 2577], [2580, 2580], [2607, 2607], [2613, 2613], [2679, 2679], [2707, 2707], [2763, 2764], [2768, 2768], [2876, 2877], [2921, 2921], [2926, 2927], [2934, 2934], [2940, 2940], [2982, 2982], [3006, 3007], [3023, 3024], [3053, 3053], [3055, 3055], [3060, 3060], [3063, 3063], [3109, 3109], [3120, 3120], [3185, 3185], [3189, 3189], [3208, 3208], [3230, 3230], [3265, 3265], [3354, 3354], [3388, 3388], [3421, 3421], [3426, 3426], [3428, 3428], [3497, 3500], [3516, 3516], [3531, 3531], [3557, 3557], [3581, 3581], [3584, 3584], [3586, 3586], [3595, 3595], [3724, 3726], [3729, 3729], [3831, 3831], [3840, 3840], [3860, 3860], [3862, 3862], [3908, 3908], [3910, 3910], [3928, 3929], [3933, 3933], [3950, 3951], [3953, 3953], [4032, 4032], [4058, 4059], [4062, 4062], [4064, 4064], [4067, 4067], [4089, 4089], [4093, 4093], [4097, 4098], [4101, 4101], [4103, 4104], [4183, 4184], [4189, 4190], [4210, 4210], [4213, 4213], [4219, 4220], [4224, 4224], [4244, 4244], [4251, 4251], [4253, 4253], [4261, 4261], [4263, 4263], [4291, 4292], [4294, 4294], [4451, 4451], [4459, 4459], [4464, 4464], [4479, 4479], [4483, 4483], [4492, 4492], [4499, 4499], [4526, 4526], [4540, 4540], [4572, 4572], [4601, 4601], [4610, 4610], [4632, 4632], [4658, 4658], [4663, 4663], [4665, 4665], [4668, 4668], [4681, 4681], [4685, 4685], [4687, 4687], [4690, 4690], [4733, 4733], [4790, 4790], [4793, 4793], [4796, 4796], [4799, 4799], [4803, 4803], [4806, 4806], [4812, 4812], [4825, 4827], [4829, 4829], [4836, 4836], [4852, 4852], [4856, 4857], [4881, 4883], [4970, 4970], [4980, 4980], [4995, 4995], [4997, 4997], [5001, 5001], [5003, 5004], [5009, 5010], [5014, 5014], [5016, 5016], [5023, 5023], [5037, 5037], [5114, 5114], [5118, 5118], [5138, 5138], [5142, 5142], [5144, 5144], [5148, 5148], [5150, 5150], [5155, 5155], [5172, 5172], [5218, 5218], [5240, 5242], [5296, 5296], [5298, 5298], [5301, 5301], [5303, 5303], [5310, 5311], [5315, 5315], [5328, 5328], [5358, 5358], [5361, 5361], [5432, 5432], [5499, 5500], [5665, 5665], [5667, 5667], [5726, 5726], [5735, 5735], [5754, 5754], [5795, 5795], [5847, 5848], [5887, 5887], [5902, 5902], [5929, 5929], [5934, 5934], [6002, 6003], [6006, 6006], [6011, 6011], [6024, 6024], [6107, 6108], [6173, 6173], [6175, 6175], [6179, 6179], [6195, 6196], [6200, 6201], [6230, 6232], [6304, 6304], [6504, 6504], [6551, 6551], [6574, 6574], [6589, 6589], [6658, 6658], [6660, 6660], [6732, 6732], [6735, 6735], [6737, 6737], [6739, 6739], [6741, 6741], [6744, 6744], [6759, 6760], [6762, 6762], [6816, 6816], [6825, 6825], [6842, 6842], [6876, 6876], [6882, 6882], [6907, 6907], [6912, 6912], [6978, 6980], [6983, 6983], [7020, 7020], [7055, 7055], [7129, 7129], [7197, 7197], [7238, 7238], [7244, 7244], [7312, 7312], [7363, 7363], [7406, 7406], [7409, 7409], [7431, 7432], [7438, 7438], [7475, 7475], [7494, 7494], [7497, 7498], [7540, 7540], [7641, 7641], [7644, 7644]]
/store/mc/RunIISummer16MiniAODv2/VBFHToTauTau_M125_13TeV_powheg_pythia8/MINIAODSIM/PUMoriond17_80X_mcRun2_asymptotic_2016_TrancheIV_v6-v1/50000/72791920-40C6-E611-9734-848F69FD2910.root
[[61, 61], [153, 153], [156, 156], [172, 172], [205, 205], [209, 209], [239, 239], [253, 253], [263, 264], [284, 284], [288, 288], [314, 314], [317, 318], [321, 321], [324, 324], [491, 491], [494, 494], [502, 502], [504, 504], [628, 628], [633, 633], [636, 637], [641, 643], [646, 646], [648, 648], [804, 804], [845, 845], [901, 901], [959, 959], [1009, 1011], [1014, 1014], [1019, 1019], [1057, 1057], [1067, 1067], [1189, 1189], [1251, 1251], [1255, 1255], [1361, 1361], [1365, 1365], [1439, 1439], [1442, 1442], [1446, 1446], [1450, 1450], [1521, 1521], [1573, 1575], [1584, 1584], [1596, 1596], [1618, 1618], [1622, 1622], [1635, 1636], [1644, 1644], [1659, 1659], [1665, 1665], [1668, 1668], [1729, 1729], [1739, 1739], [1791, 1791], [1794, 1795], [1797, 1798], [1800, 1800], [1813, 1816], [1879, 1880], [1946, 1947], [1956, 1956], [2045, 2045], [2050, 2050], [2052, 2052], [2078, 2078], [2080, 2081], [2084, 2084], [2089, 2089], [2091, 2092], [2126, 2126], [2128, 2128], [2130, 2130], [2134, 2134], [2136, 2136], [2234, 2234], [2236, 2236], [2238, 2240], [2244, 2244], [2247, 2247], [2249, 2251], [2308, 2312], [2314, 2315], [2374, 2374], [2377, 2378], [2384, 2384], [2471, 2471], [2498, 2498], [2503, 2504], [2506, 2507], [2581, 2581], [2606, 2606], [2608, 2608], [2611, 2612], [2614, 2614], [2688, 2688], [2719, 2719], [2749, 2749], [2751, 2751], [2753, 2754], [2759, 2760], [2917, 2917], [2928, 2928], [2988, 2988], [3050, 3050], [3087, 3090], [3096, 3096], [3160, 3160], [3166, 3166], [3182, 3182], [3190, 3192], [3273, 3273], [3275, 3275], [3395, 3395], [3398, 3398], [3433, 3433], [3436, 3438], [3440, 3441], [3462, 3462], [3555, 3555], [3559, 3559], [3561, 3561], [3563, 3563], [3593, 3593], [3686, 3686], [3710, 3710], [3728, 3728], [3750, 3750], [3755, 3755], [3764, 3764], [3772, 3774], [3776, 3776], [3841, 3841], [3844, 3844], [3846, 3846], [3848, 3848], [3986, 3986], [4003, 4003], [4026, 4026], [4028, 4028], [4070, 4070], [4073, 4073], [4076, 4076], [4106, 4106], [4113, 4114], [4248, 4250], [4255, 4255], [4260, 4260], [4265, 4265], [4268, 4268], [4407, 4407], [4409, 4411], [4416, 4416], [4446, 4446], [4450, 4450], [4462, 4462], [4508, 4508], [4510, 4510], [4538, 4539], [4542, 4544], [4546, 4548], [4597, 4597], [4599, 4599], [4608, 4608], [4625, 4626], [4660, 4660], [4664, 4664], [4669, 4669], [4674, 4674], [4720, 4720], [4722, 4724], [4726, 4728], [4731, 4731], [4850, 4850], [4854, 4855], [4859, 4859], [4963, 4963], [5029, 5029], [5038, 5038], [5040, 5040], [5053, 5053], [5057, 5057], [5083, 5085], [5088, 5088], [5167, 5167], [5170, 5170], [5174, 5176], [5213, 5213], [5215, 5215], [5217, 5217], [5272, 5274], [5306, 5306], [5379, 5379], [5385, 5385], [5388, 5388], [5431, 5431], [5465, 5465], [5467, 5467], [5469, 5469], [5471, 5471], [5546, 5546], [5550, 5550], [5561, 5561], [5653, 5654], [5657, 5658], [5660, 5661], [5702, 5702], [5749, 5752], [5755, 5755], [5758, 5759], [5787, 5787], [5789, 5789], [5881, 5882], [5884, 5884], [5889, 5889], [5954, 5955], [5957, 5959], [6021, 6021], [6076, 6076], [6078, 6078], [6081, 6081], [6112, 6113], [6116, 6116], [6148, 6150], [6169, 6169], [6178, 6178], [6182, 6184], [6186, 6186], [6188, 6189], [6198, 6199], [6217, 6217], [6219, 6219], [6233, 6233], [6236, 6236], [6268, 6268], [6290, 6290], [6292, 6292], [6294, 6294], [6300, 6300], [6332, 6332], [6335, 6336], [6352, 6352], [6358, 6358], [6472, 6472], [6521, 6522], [6524, 6524], [6527, 6527], [6558, 6558], [6564, 6564], [6567, 6567], [6590, 6592], [6594, 6595], [6597, 6597], [6643, 6643], [6654, 6654], [6746, 6746], [6776, 6776], [6802, 6802], [6831, 6831], [6840, 6840], [6871, 6871], [6924, 6924], [6927, 6927], [6931, 6931], [6934, 6938], [6964, 6964], [6997, 6998], [7000, 7001], [7004, 7004], [7115, 7115], [7118, 7118], [7125, 7125], [7130, 7130], [7193, 7193], [7217, 7217], [7275, 7275], [7305, 7306], [7357, 7357], [7361, 7361], [7390, 7390], [7448, 7448], [7455, 7455], [7469, 7470], [7474, 7474], [7489, 7489], [7501, 7505], [7573, 7573], [7576, 7576], [7580, 7581], [7583, 7583], [7585, 7585], [7589, 7589], [7601, 7602], [7607, 7607], [7634, 7634], [7639, 7639], [7642, 7643], [7672, 7674]]
/store/mc/RunIISummer16MiniAODv2/VBFHToTauTau_M125_13TeV_powheg_pythia8/MINIAODSIM/PUMoriond17_80X_mcRun2_asymptotic_2016_TrancheIV_v6-v1/50000/72A2764E-90D0-E611-A932-70106F48BBEE.root
[[12, 12], [63, 63], [70, 70], [87, 88], [146, 147], [149, 150], [152, 152], [154, 154], [158, 158], [169, 169], [194, 194], [210, 210], [213, 213], [231, 233], [237, 237], [240, 240], [249, 252], [319, 320], [322, 323], [332, 332], [361, 361], [363, 364], [374, 374], [376, 376], [382, 382], [487, 487], [492, 492], [553, 553], [555, 555], [557, 557], [617, 617], [620, 621], [623, 623], [626, 627], [631, 631], [764, 764], [797, 797], [903, 903], [982, 982], [1027, 1027], [1120, 1120], [1190, 1190], [1233, 1233], [1334, 1334], [1340, 1340], [1342, 1342], [1363, 1363], [1441, 1441], [1513, 1513], [1593, 1593], [1631, 1631], [1634, 1634], [1639, 1642], [1799, 1799], [1817, 1819], [1821, 1821], [1877, 1877], [2049, 2049], [2462, 2462], [2472, 2472], [2677, 2677], [2681, 2683], [2685, 2685], [2701, 2701], [2711, 2711], [2858, 2858], [2861, 2862], [2924, 2924], [2936, 2936], [2938, 2938], [2984, 2984], [2986, 2986], [3049, 3049], [3105, 3105], [3110, 3110], [3183, 3183], [3186, 3187], [3340, 3340], [3396, 3396], [3803, 3803], [3901, 3901], [3932, 3932], [3935, 3935], [4024, 4024], [4254, 4254], [4259, 4259], [4454, 4454], [4463, 4463], [4602, 4602], [4624, 4624], [4630, 4630], [4637, 4637], [4789, 4789], [4849, 4849], [4858, 4858], [4885, 4885], [5021, 5022], [5025, 5025], [5027, 5027], [5034, 5034], [5101, 5102], [5126, 5126], [5163, 5163], [5169, 5169], [5209, 5209], [5212, 5212], [5216, 5216], [5305, 5305], [5307, 5307], [5312, 5313], [5337, 5337], [5406, 5411], [5433, 5433], [5466, 5466], [5468, 5468], [5472, 5472], [5525, 5525], [5664, 5664], [5666, 5666], [5668, 5668], [5693, 5693], [5707, 5708], [5712, 5712], [5883, 5883], [5931, 5931], [5933, 5933], [5935, 5935], [6015, 6015], [6083, 6084], [6097, 6097], [6191, 6191], [6237, 6237], [6269, 6269], [6291, 6291], [6338, 6338], [6349, 6350], [6355, 6355], [6419, 6419], [6463, 6463], [6469, 6469], [6471, 6471], [6473, 6473], [6493, 6493], [6497, 6497], [6529, 6529], [6531, 6531], [6543, 6543], [6550, 6550], [6557, 6557], [6593, 6593], [6761, 6761], [6767, 6767], [6830, 6830], [6832, 6832], [6835, 6835], [6956, 6959], [6966, 6966], [7195, 7195], [7304, 7304], [7307, 7308], [7310, 7310], [7318, 7318], [7320, 7320], [7359, 7359], [7366, 7366], [7383, 7383], [7385, 7385], [7387, 7387], [7389, 7389], [7405, 7405], [7411, 7411], [7415, 7415], [7441, 7441], [7464, 7464], [7466, 7467], [7472, 7472], [7604, 7606], [7624, 7624], [7633, 7633], [7635, 7635], [7637, 7638], [7640, 7640]]
/store/mc/RunIISummer16MiniAODv2/VBFHToTauTau_M125_13TeV_powheg_pythia8/MINIAODSIM/PUMoriond17_80X_mcRun2_asymptotic_2016_TrancheIV_v6-v1/50000/86AFC945-2FC6-E611-B9AA-0CC47A7E6B00.root
[[1238, 1238], [1252, 1252], [1256, 1256], [1357, 1357], [1440, 1440], [1443, 1444], [1523, 1523], [2937, 2937], [3351, 3351], [3356, 3356], [3403, 3403], [3843, 3843], [3847, 3847], [3851, 3852], [6100, 6100], [6174, 6174], [6185, 6185], [6341, 6341], [6343, 6343], [6351, 6351], [6757, 6757], [7315, 7315], [7360, 7360], [7367, 7367], [7410, 7410], [7450, 7450]]
/store/mc/RunIISummer16MiniAODv2/VBFHToTauTau_M125_13TeV_powheg_pythia8/MINIAODSIM/PUMoriond17_80X_mcRun2_asymptotic_2016_TrancheIV_v6-v1/50000/C258275F-2BC3-E611-AF97-1CC1DE19257E.root
[[503, 503], [576, 576], [983, 983], [1021, 1021], [1317, 1317], [1855, 1855], [1886, 1887], [1890, 1890], [2085, 2085], [2088, 2088], [2109, 2110], [2703, 2703], [2709, 2709], [2939, 2939], [2978, 2978], [3350, 3350], [3353, 3353], [3401, 3401], [3722, 3722], [3727, 3727], [4108, 4108], [4489, 4489], [4609, 4609], [4613, 4613], [4616, 4616], [4832, 4832], [5293, 5293], [5299, 5299], [6020, 6020], [6102, 6102], [6156, 6156], [6172, 6172], [6176, 6177], [6204, 6204], [6235, 6235], [6239, 6240], [6501, 6501], [6545, 6546], [7049, 7049], [7051, 7051], [7388, 7388], [7392, 7392], [7456, 7456]]
/store/mc/RunIISummer16MiniAODv2/VBFHToTauTau_M125_13TeV_powheg_pythia8/MINIAODSIM/PUMoriond17_80X_mcRun2_asymptotic_2016_TrancheIV_v6-v1/50000/E602293B-52C8-E611-82F2-B499BAABCF12.root
[[981, 981], [1127, 1127], [1858, 1858], [1922, 1922], [2197, 2197], [2201, 2202], [2204, 2205], [3002, 3002], [3005, 3005], [3051, 3051], [3064, 3064], [3387, 3387], [3394, 3394], [3407, 3407], [4485, 4485], [4565, 4565], [4913, 4913], [4916, 4916], [5474, 5474], [6740, 6740], [6815, 6815], [7545, 7545]]
/store/mc/RunIISummer16MiniAODv2/VBFHToTauTau_M125_13TeV_powheg_pythia8/MINIAODSIM/PUMoriond17_80X_mcRun2_asymptotic_2016_TrancheIV_v6-v1/50000/EC01F6AF-4AC5-E611-96EA-C45444922C46.root
[[9, 9], [27, 27], [29, 29], [31, 31], [35, 35], [40, 40], [62, 62], [71, 71], [97, 97], [100, 100], [102, 102], [105, 105], [174, 174], [180, 180], [201, 201], [203, 203], [265, 265], [277, 277], [279, 279], [283, 283], [286, 286], [292, 292], [381, 381], [411, 411], [449, 449], [481, 481], [483, 483], [489, 490], [493, 493], [499, 499], [591, 591], [601, 601], [622, 622], [630, 630], [676, 676], [680, 680], [682, 682], [758, 758], [793, 794], [831, 831], [834, 834], [837, 837], [938, 938], [943, 944], [947, 948], [1022, 1022], [1118, 1118], [1169, 1169], [1176, 1176], [1196, 1196], [1259, 1259], [1360, 1360], [1429, 1431], [1436, 1436], [1522, 1522], [1549, 1551], [1556, 1556], [1587, 1588], [1594, 1594], [1614, 1614], [1617, 1617], [1628, 1630], [1632, 1632], [1658, 1658], [1888, 1888], [1891, 1891], [1999, 1999], [2001, 2001], [2004, 2004], [2107, 2107], [2166, 2167], [2176, 2176], [2178, 2178], [2181, 2181], [2341, 2341], [2390, 2391], [2397, 2397], [2400, 2400], [2497, 2497], [2505, 2505], [2508, 2508], [2570, 2570], [2573, 2573], [2575, 2575], [2609, 2609], [2616, 2616], [2678, 2678], [2710, 2710], [2769, 2770], [2834, 2835], [2869, 2869], [2873, 2873], [2880, 2880], [2980, 2981], [3052, 3052], [3059, 3059], [3103, 3103], [3112, 3115], [3118, 3118], [3173, 3173], [3179, 3179], [3181, 3181], [3233, 3233], [3271, 3271], [3349, 3349], [3357, 3358], [3360, 3361], [3364, 3366], [3369, 3370], [3386, 3386], [3404, 3406], [3422, 3423], [3425, 3425], [3427, 3427], [3430, 3431], [3460, 3461], [3468, 3468], [3530, 3530], [3532, 3532], [3537, 3538], [3591, 3591], [3594, 3594], [3596, 3598], [3798, 3798], [3800, 3800], [3827, 3827], [3832, 3832], [3836, 3836], [3845, 3845], [3856, 3856], [3864, 3864], [3902, 3902], [3905, 3907], [3911, 3911], [3939, 3939], [3942, 3945], [4022, 4022], [4029, 4029], [4031, 4031], [4061, 4061], [4063, 4063], [4068, 4068], [4102, 4102], [4112, 4112], [4115, 4115], [4178, 4178], [4186, 4188], [4216, 4217], [4272, 4272], [4288, 4288], [4295, 4296], [4453, 4453], [4455, 4456], [4461, 4461], [4491, 4491], [4525, 4525], [4528, 4528], [4530, 4530], [4534, 4534], [4536, 4536], [4561, 4561], [4605, 4605], [4611, 4611], [4614, 4614], [4618, 4618], [4627, 4628], [4635, 4635], [4644, 4644], [4659, 4659], [4791, 4792], [4800, 4800], [4802, 4802], [4807, 4808], [4810, 4810], [4828, 4828], [4833, 4835], [4877, 4879], [4969, 4969], [4993, 4993], [4996, 4996], [4999, 4999], [5017, 5017], [5030, 5030], [5035, 5035], [5115, 5115], [5117, 5117], [5119, 5119], [5121, 5122], [5137, 5137], [5143, 5143], [5146, 5146], [5153, 5153], [5158, 5160], [5235, 5235], [5237, 5237], [5294, 5295], [5316, 5318], [5355, 5355], [5359, 5359], [5362, 5362], [5378, 5378], [5380, 5381], [5427, 5427], [5430, 5430], [5477, 5477], [5479, 5479], [5484, 5484], [5710, 5710], [5741, 5741], [5744, 5744], [5786, 5786], [5788, 5788], [5793, 5793], [5801, 5801], [5803, 5804], [5806, 5806], [5849, 5849], [5886, 5886], [5888, 5888], [5890, 5890], [5894, 5895], [5903, 5903], [5937, 5937], [5989, 5990], [5994, 5994], [5996, 5996], [5999, 5999], [6008, 6008], [6012, 6014], [6016, 6017], [6023, 6023], [6063, 6063], [6065, 6065], [6079, 6080], [6101, 6101], [6103, 6103], [6151, 6151], [6170, 6170], [6238, 6238], [6298, 6299], [6339, 6339], [6344, 6344], [6360, 6360], [6552, 6552], [6576, 6576], [6649, 6652], [6733, 6733], [6763, 6764], [6766, 6766], [6826, 6826], [6848, 6848], [6867, 6867], [6872, 6872], [6880, 6880], [6887, 6887], [6889, 6889], [6894, 6894], [6896, 6896], [6899, 6899], [6905, 6905], [6908, 6908], [6976, 6976], [6981, 6981], [6999, 6999], [7132, 7133], [7138, 7138], [7140, 7140], [7194, 7194], [7286, 7286], [7291, 7291], [7295, 7295], [7314, 7314], [7321, 7322], [7358, 7358], [7381, 7382], [7391, 7391], [7442, 7442], [7453, 7453], [7460, 7461], [7590, 7590]]
/store/mc/RunIISummer16MiniAODv2/VBFHToTauTau_M125_13TeV_powheg_pythia8/MINIAODSIM/PUMoriond17_80X_mcRun2_asymptotic_2016_TrancheIV_v6-v1/50000/F6026B65-63C2-E611-91E6-0025904B1360.root
[[11, 11], [30, 30], [33, 33], [41, 44], [46, 48], [68, 68], [85, 86], [90, 90], [157, 157], [159, 159], [162, 162], [164, 167], [175, 175], [195, 196], [199, 199], [204, 204], [206, 206], [208, 208], [216, 216], [234, 234], [266, 268], [272, 272], [274, 275], [375, 375], [378, 378], [380, 380], [383, 384], [397, 399], [401, 401], [403, 403], [405, 405], [408, 408], [488, 488], [498, 498], [501, 501], [558, 562], [599, 599], [613, 614], [639, 639], [644, 644], [829, 829], [832, 832], [835, 835], [839, 840], [847, 847], [953, 955], [957, 958], [960, 960], [976, 977], [979, 979], [1016, 1017], [1020, 1020], [1029, 1029], [1031, 1032], [1060, 1061], [1066, 1066], [1121, 1121], [1166, 1166], [1170, 1170], [1193, 1193], [1198, 1198], [1237, 1237], [1249, 1249], [1318, 1318], [1581, 1581], [1591, 1591], [1611, 1612], [1615, 1616], [1620, 1621], [1623, 1623], [1626, 1627], [1660, 1661], [1730, 1730], [1732, 1732], [1737, 1738], [1755, 1755], [1759, 1759], [1789, 1789], [1793, 1793], [1796, 1796], [1850, 1850], [1854, 1854], [1857, 1857], [1924, 1924], [1931, 1931], [2079, 2079], [2086, 2087], [2101, 2101], [2104, 2104], [2161, 2161], [2173, 2173], [2180, 2180], [2184, 2184], [2237, 2237], [2242, 2243], [2306, 2306], [2343, 2343], [2346, 2346], [2380, 2381], [2385, 2386], [2461, 2461], [2467, 2468], [2529, 2529], [2576, 2576], [2578, 2578], [2610, 2610], [2702, 2702], [2704, 2704], [2721, 2721], [2783, 2783], [2844, 2844], [2870, 2870], [2872, 2872], [2879, 2879], [2919, 2920], [2925, 2925], [2929, 2930], [2932, 2932], [2979, 2979], [2983, 2983], [3015, 3015], [3020, 3020], [3022, 3022], [3079, 3079], [3083, 3084], [3094, 3094], [3100, 3100], [3102, 3102], [3116, 3117], [3159, 3159], [3161, 3165], [3167, 3167], [3169, 3170], [3172, 3172], [3177, 3177], [3235, 3236], [3270, 3270], [3276, 3276], [3304, 3304], [3377, 3377], [3397, 3397], [3400, 3400], [3439, 3439], [3442, 3444], [3456, 3458], [3517, 3517], [3529, 3529], [3534, 3534], [3540, 3540], [3583, 3583], [3588, 3588], [3592, 3592], [3723, 3723], [3731, 3731], [3751, 3754], [3756, 3762], [3765, 3768], [3829, 3830], [3834, 3834], [3837, 3837], [3842, 3842], [3853, 3853], [3857, 3858], [3863, 3863], [3930, 3931], [3934, 3934], [3949, 3949], [4060, 4060], [4065, 4065], [4105, 4105], [4109, 4109], [4179, 4179], [4182, 4182], [4185, 4185], [4221, 4222], [4237, 4237], [4239, 4240], [4242, 4242], [4245, 4245], [4247, 4247], [4252, 4252], [4264, 4264], [4270, 4270], [4289, 4290], [4406, 4406], [4408, 4408], [4412, 4412], [4415, 4415], [4442, 4442], [4444, 4444], [4447, 4448], [4493, 4494], [4497, 4497], [4500, 4500], [4511, 4512], [4533, 4533], [4541, 4541], [4598, 4598], [4603, 4603], [4617, 4617], [4619, 4619], [4622, 4623], [4634, 4634], [4636, 4636], [4638, 4638], [4640, 4640], [4670, 4670], [4673, 4673], [4708, 4708], [4721, 4721], [4730, 4730], [4737, 4737], [4739, 4739], [4795, 4795], [4797, 4797], [4801, 4801], [4805, 4805], [4809, 4809], [4830, 4830], [4875, 4876], [5019, 5020], [5026, 5026], [5120, 5120], [5161, 5161], [5164, 5164], [5166, 5166], [5210, 5210], [5233, 5233], [5243, 5243], [5297, 5297], [5356, 5357], [5426, 5426], [5470, 5470], [5685, 5686], [5688, 5688], [5703, 5704], [5727, 5727], [5753, 5753], [5760, 5760], [5792, 5792], [5794, 5794], [5797, 5797], [5891, 5891], [5899, 5900], [5939, 5939], [5992, 5992], [5995, 5995], [5998, 5998], [6009, 6009], [6018, 6018], [6069, 6069], [6072, 6075], [6077, 6077], [6082, 6082], [6099, 6099], [6109, 6109], [6145, 6145], [6334, 6334], [6342, 6342], [6345, 6345], [6347, 6347], [6599, 6599], [6659, 6659], [6758, 6758], [6765, 6765], [6778, 6778], [6803, 6803], [6829, 6829], [6847, 6847], [6865, 6865], [6869, 6869], [6874, 6874], [6878, 6878], [6886, 6886], [6902, 6902], [6919, 6919], [6921, 6921], [6923, 6923], [6930, 6930], [6932, 6932], [6940, 6941], [6975, 6975], [6977, 6977], [7002, 7002], [7008, 7008], [7027, 7027], [7050, 7050], [7052, 7054], [7135, 7136], [7139, 7139], [7158, 7158], [7219, 7219], [7222, 7222], [7241, 7241], [7245, 7245], [7287, 7287], [7292, 7294], [7296, 7296], [7309, 7309], [7311, 7311], [7319, 7319], [7323, 7328], [7330, 7332], [7362, 7362], [7365, 7365], [7377, 7377], [7380, 7380], [7408, 7408], [7412, 7412], [7414, 7414], [7416, 7416], [7444, 7444], [7451, 7452], [7457, 7459], [7463, 7463], [7465, 7465], [7488, 7488], [7491, 7491], [7496, 7496], [7500, 7500], [7507, 7507], [7512, 7512], [7591, 7591], [7596, 7596], [7608, 7608], [7636, 7636]]
/store/mc/RunIISummer16MiniAODv2/VBFHToTauTau_M125_13TeV_powheg_pythia8/MINIAODSIM/PUMoriond17_80X_mcRun2_asymptotic_2016_TrancheIV_v6-v1/50000/FC626B61-27C4-E611-B151-E41D2D08E050.root
[[92, 92], [94, 94], [238, 238], [1028, 1028], [1258, 1258], [1260, 1260], [1524, 1524], [1579, 1579], [1884, 1884], [2305, 2305], [2368, 2368], [2382, 2382], [2466, 2466], [3180, 3180], [4107, 4107], [4110, 4110], [4262, 4262], [4269, 4269], [4537, 4537], [4600, 4600], [4729, 4729], [4860, 4860], [5031, 5031], [5033, 5033], [5039, 5039], [5177, 5177], [5256, 5256], [5382, 5382], [5387, 5387], [5655, 5655], [5938, 5938], [5956, 5956], [6918, 6918], [6920, 6920], [6922, 6922], [6942, 6942], [7024, 7026], [7060, 7060], [7285, 7285], [7288, 7290], [7303, 7303], [7317, 7317]]
/store/mc/RunIISummer16MiniAODv2/VBFHToTauTau_M125_13TeV_powheg_pythia8/MINIAODSIM/PUMoriond17_80X_mcRun2_asymptotic_2016_TrancheIV_v6-v1/50000/FE0B0F87-05C7-E611-A16B-0CC47AC08904.root
[[600, 600], [2715, 2715], [2717, 2717], [2750, 2750], [3518, 3518], [3564, 3564], [3763, 3763], [3775, 3775], [4071, 4071], [4075, 4075], [4978, 4979], [5011, 5011], [5139, 5139], [5211, 5211], [5663, 5663], [5936, 5936], [5963, 5963], [6106, 6106], [6187, 6187], [6926, 6926], [7120, 7120], [7122, 7123]]
/store/mc/RunIISummer16MiniAODv2/VBFHToTauTau_M125_13TeV_powheg_pythia8/MINIAODSIM/PUMoriond17_80X_mcRun2_asymptotic_2016_TrancheIV_v6-v1/60000/0A8669C9-3FCE-E611-9084-1CC1DE18CFDE.root
[[14, 14], [16, 17], [22, 22], [58, 58], [139, 139], [141, 141], [301, 309], [312, 312], [387, 387], [391, 392], [395, 395], [435, 435], [471, 471], [520, 520], [522, 523], [527, 527], [530, 531], [534, 539], [579, 581], [583, 583], [588, 588], [670, 670], [739, 739], [795, 795], [799, 799], [801, 801], [807, 807], [853, 853], [862, 862], [866, 866], [873, 874], [876, 876], [881, 881], [961, 962], [964, 965], [1049, 1050], [1056, 1056], [1089, 1089], [1092, 1092], [1103, 1103], [1153, 1155], [1185, 1185], [1187, 1188], [1267, 1268], [1280, 1280], [1298, 1298], [1395, 1396], [1398, 1398], [1404, 1404], [1416, 1416], [1461, 1461], [1463, 1463], [1468, 1469], [1482, 1482], [1501, 1501], [1541, 1542], [1606, 1607], [1647, 1647], [1650, 1650], [1652, 1652], [1669, 1669], [1695, 1695], [1710, 1712], [1719, 1719], [1724, 1726], [1746, 1747], [1752, 1752], [1765, 1765], [1773, 1773], [1832, 1832], [1836, 1836], [1903, 1903], [1905, 1905], [1913, 1913], [1916, 1916], [1919, 1919], [1936, 1936], [1942, 1942], [1982, 1982], [1987, 1987], [2006, 2006], [2076, 2076], [2090, 2090], [2153, 2153], [2157, 2157], [2160, 2160], [2301, 2301], [2410, 2410], [2420, 2420], [2430, 2430], [2432, 2432], [2443, 2443], [2484, 2484], [2536, 2537], [2557, 2557], [2561, 2561], [2563, 2563], [2567, 2567], [2654, 2654], [2656, 2656], [2659, 2660], [2668, 2668], [2700, 2700], [2726, 2726], [2820, 2820], [2905, 2906], [2912, 2912], [2915, 2915], [2968, 2968], [2971, 2971], [2975, 2975], [3122, 3122], [3124, 3124], [3127, 3127], [3129, 3132], [3134, 3134], [3136, 3136], [3139, 3139], [3142, 3142], [3144, 3144], [3146, 3146], [3149, 3151], [3155, 3155], [3194, 3194], [3197, 3197], [3201, 3203], [3218, 3218], [3223, 3223], [3258, 3259], [3263, 3263], [3281, 3281], [3284, 3284], [3289, 3290], [3297, 3297], [3299, 3299], [3325, 3325], [3332, 3332], [3447, 3447], [3483, 3483], [3490, 3490], [3519, 3519], [3523, 3523], [3527, 3527], [3544, 3545], [3549, 3549], [3601, 3601], [3638, 3638], [3644, 3646], [3655, 3655], [3678, 3678], [3682, 3682], [3691, 3691], [3706, 3706], [3714, 3714], [3805, 3805], [3808, 3808], [3811, 3811], [3814, 3814], [3867, 3868], [3870, 3870], [3887, 3887], [3914, 3914], [3921, 3921], [4014, 4014], [4159, 4159], [4281, 4281], [4311, 4311], [4315, 4315], [4425, 4425], [4427, 4427], [4465, 4465], [4469, 4469], [4474, 4474], [4490, 4490], [4513, 4513], [4515, 4515], [4554, 4554], [4557, 4558], [4577, 4577], [4679, 4679], [4741, 4743], [4752, 4752], [4781, 4781], [4787, 4787], [4900, 4900], [4905, 4906], [4908, 4908], [4926, 4926], [4929, 4929], [4931, 4931], [4943, 4943], [4955, 4955], [5050, 5050], [5249, 5249], [5352, 5352], [5366, 5368], [5375, 5375], [5414, 5415], [5583, 5583], [5591, 5591], [5599, 5599], [5618, 5618], [5629, 5629], [5631, 5636], [5638, 5640], [5773, 5775], [5778, 5778], [5783, 5783], [5828, 5828], [5832, 5832], [5897, 5897], [5909, 5909], [5920, 5920], [5923, 5923], [5925, 5925], [5928, 5928], [5941, 5941], [5944, 5944], [5948, 5948], [5960, 5960], [6029, 6029], [6068, 6068], [6124, 6125], [6282, 6283], [6285, 6285], [6376, 6376], [6379, 6380], [6382, 6382], [6399, 6399], [6434, 6434], [6602, 6602], [6617, 6617], [6622, 6622], [6662, 6663], [6718, 6718], [6770, 6770], [6794, 6794], [6796, 6797], [6858, 6858], [6914, 6914], [6947, 6947], [6993, 6996], [7021, 7021], [7090, 7090], [7092, 7093], [7095, 7095], [7100, 7100], [7110, 7110], [7113, 7113], [7146, 7147], [7150, 7151], [7168, 7168], [7174, 7174], [7201, 7201], [7213, 7213], [7215, 7216], [7273, 7273], [7334, 7334], [7340, 7340], [7353, 7354], [7370, 7370], [7480, 7480], [7485, 7485], [7563, 7563], [7610, 7610], [7612, 7612], [7615, 7615], [7617, 7617], [7620, 7620], [7666, 7666], [7668, 7668]]
/store/mc/RunIISummer16MiniAODv2/VBFHToTauTau_M125_13TeV_powheg_pythia8/MINIAODSIM/PUMoriond17_80X_mcRun2_asymptotic_2016_TrancheIV_v6-v1/60000/420BE5F9-BBCF-E611-A3DD-0CC47A7EEDB0.root
[[145, 145], [352, 360], [439, 440], [444, 444], [474, 474], [517, 517], [660, 660], [697, 698], [700, 704], [723, 723], [726, 731], [880, 880], [1008, 1008], [1157, 1157], [1161, 1161], [1163, 1163], [1180, 1180], [1201, 1201], [1208, 1208], [1217, 1217], [1322, 1323], [1325, 1326], [1370, 1370], [1372, 1372], [1376, 1389], [1391, 1392], [1761, 1761], [1778, 1778], [1839, 1839], [1844, 1844], [1867, 1867], [1915, 1915], [2005, 2005], [2008, 2008], [2032, 2032], [2053, 2053], [2056, 2056], [2059, 2059], [2063, 2064], [2192, 2194], [2196, 2196], [2216, 2216], [2222, 2222], [2231, 2231], [2269, 2280], [2294, 2294], [2297, 2297], [2359, 2359], [2383, 2383], [2456, 2456], [2464, 2464], [2525, 2525], [2629, 2630], [2732, 2732], [2797, 2799], [2804, 2804], [2907, 2907], [2910, 2911], [2941, 2941], [2947, 2947], [2956, 2956], [2958, 2959], [2961, 2961], [3040, 3040], [3157, 3157], [3302, 3303], [3305, 3305], [3309, 3309], [3311, 3311], [3376, 3376], [3415, 3418], [3420, 3420], [3452, 3452], [3521, 3522], [3617, 3620], [3641, 3641], [3647, 3647], [3651, 3652], [3657, 3657], [3662, 3668], [3674, 3674], [3681, 3681], [3696, 3696], [3707, 3707], [3713, 3713], [3806, 3806], [3813, 3813], [3872, 3872], [3977, 3984], [3993, 3993], [4009, 4012], [4044, 4044], [4051, 4055], [4197, 4197], [4256, 4256], [4357, 4359], [4361, 4365], [4386, 4386], [4388, 4391], [4472, 4472], [4549, 4549], [4551, 4551], [4553, 4553], [4585, 4587], [4693, 4696], [4701, 4704], [4753, 4756], [4760, 4761], [4763, 4764], [4839, 4840], [4842, 4848], [4960, 4960], [5065, 5068], [5073, 5075], [5089, 5089], [5094, 5097], [5127, 5127], [5129, 5130], [5195, 5195], [5201, 5203], [5206, 5207], [5221, 5223], [5228, 5231], [5282, 5282], [5284, 5284], [5286, 5287], [5335, 5335], [5389, 5391], [5393, 5393], [5486, 5486], [5489, 5490], [5492, 5495], [5540, 5541], [5586, 5586], [5621, 5621], [5641, 5641], [5647, 5647], [5714, 5717], [5719, 5719], [5721, 5721], [5724, 5724], [5826, 5827], [5908, 5908], [5916, 5916], [5945, 5945], [5965, 5966], [5970, 5970], [5972, 5972], [5974, 5974], [5976, 5976], [6028, 6028], [6086, 6090], [6092, 6092], [6096, 6096], [6242, 6249], [6252, 6252], [6386, 6386], [6396, 6396], [6432, 6432], [6484, 6489], [6509, 6509], [6511, 6514], [7037, 7039], [7041, 7041], [7249, 7251], [7255, 7256], [7258, 7258], [7393, 7394], [7397, 7397], [7399, 7401], [7403, 7403], [7423, 7423], [7426, 7426], [7529, 7529], [7533, 7533], [7549, 7550], [7611, 7611], [7616, 7616], [7651, 7654], [7656, 7656], [7660, 7661]]
/store/mc/RunIISummer16MiniAODv2/VBFHToTauTau_M125_13TeV_powheg_pythia8/MINIAODSIM/PUMoriond17_80X_mcRun2_asymptotic_2016_TrancheIV_v6-v1/60000/469A7187-A7CD-E611-8F57-0CC47A009E26.root
[[50, 50], [52, 53], [56, 56], [59, 60], [77, 77], [144, 144], [390, 390], [422, 422], [425, 425], [428, 428], [433, 433], [472, 472], [662, 662], [667, 667], [712, 712], [716, 716], [718, 718], [720, 720], [769, 772], [774, 775], [777, 777], [819, 819], [825, 825], [927, 927], [963, 963], [969, 970], [1077, 1079], [1082, 1082], [1086, 1086], [1088, 1088], [1093, 1094], [1099, 1102], [1299, 1300], [1303, 1308], [1393, 1394], [1397, 1397], [1400, 1400], [1477, 1477], [1571, 1571], [1768, 1768], [1771, 1771], [1775, 1775], [1810, 1810], [1833, 1833], [1897, 1897], [1911, 1911], [1918, 1918], [1933, 1933], [2036, 2036], [2220, 2220], [2364, 2364], [2444, 2444], [2447, 2447], [2474, 2475], [2672, 2674], [2730, 2730], [2945, 2946], [3037, 3038], [3043, 3043], [3047, 3047], [3253, 3254], [3301, 3301], [3306, 3306], [3378, 3378], [3381, 3381], [3446, 3446], [3449, 3449], [3454, 3454], [3488, 3488], [3520, 3520], [3526, 3526], [3546, 3547], [3607, 3607], [3626, 3627], [3629, 3629], [3643, 3643], [3648, 3648], [3650, 3650], [3654, 3654], [3685, 3685], [3690, 3690], [3692, 3695], [3704, 3704], [3708, 3708], [3712, 3712], [3715, 3716], [3718, 3720], [3745, 3746], [3777, 3778], [3809, 3809], [3879, 3879], [3882, 3884], [3886, 3886], [3893, 3893], [3895, 3896], [3988, 3988], [3990, 3990], [3992, 3992], [3996, 3997], [4001, 4001], [4033, 4033], [4041, 4041], [4119, 4119], [4131, 4131], [4133, 4133], [4153, 4153], [4161, 4161], [4276, 4276], [4282, 4282], [4350, 4350], [4352, 4352], [4393, 4393], [4404, 4404], [4429, 4430], [4433, 4435], [4437, 4437], [4466, 4466], [4471, 4471], [4504, 4504], [4524, 4524], [4555, 4555], [4580, 4581], [4584, 4584], [4676, 4676], [4678, 4678], [4706, 4706], [4709, 4709], [4714, 4715], [4745, 4748], [4751, 4751], [4861, 4861], [4867, 4867], [4907, 4907], [4927, 4927], [4935, 4935], [4945, 4945], [4948, 4948], [4950, 4950], [4958, 4959], [4965, 4965], [5042, 5042], [5045, 5045], [5064, 5064], [5178, 5178], [5180, 5180], [5248, 5248], [5264, 5264], [5267, 5267], [5270, 5270], [5278, 5279], [5291, 5292], [5334, 5334], [5341, 5343], [5346, 5346], [5369, 5369], [5376, 5376], [5394, 5394], [5397, 5399], [5413, 5413], [5450, 5451], [5453, 5453], [5527, 5527], [5530, 5530], [5562, 5562], [5565, 5565], [5567, 5571], [5576, 5576], [5580, 5580], [5597, 5598], [5601, 5603], [5612, 5614], [5630, 5630], [5637, 5637], [5646, 5646], [5677, 5678], [5680, 5680], [5682, 5682], [5723, 5723], [5761, 5761], [5766, 5766], [5768, 5770], [5776, 5777], [5779, 5782], [5819, 5819], [5821, 5821], [5858, 5858], [5862, 5862], [5864, 5864], [5913, 5914], [5918, 5918], [5952, 5952], [5964, 5964], [6038, 6038], [6040, 6040], [6043, 6043], [6045, 6046], [6118, 6120], [6131, 6131], [6135, 6137], [6209, 6209], [6223, 6228], [6255, 6256], [6266, 6266], [6276, 6276], [6313, 6313], [6315, 6315], [6322, 6322], [6373, 6375], [6381, 6381], [6408, 6408], [6441, 6441], [6443, 6443], [6474, 6474], [6479, 6479], [6528, 6528], [6556, 6556], [6601, 6601], [6604, 6604], [6609, 6609], [6611, 6611], [6613, 6613], [6616, 6616], [6618, 6619], [6623, 6623], [6661, 6661], [6664, 6666], [6691, 6691], [6747, 6747], [6817, 6817], [6824, 6824], [6856, 6856], [6948, 6948], [6989, 6992], [7061, 7061], [7068, 7068], [7106, 7106], [7108, 7109], [7111, 7112], [7142, 7144], [7164, 7164], [7171, 7171], [7188, 7188], [7211, 7212], [7214, 7214], [7277, 7277], [7283, 7283], [7344, 7344], [7349, 7349], [7351, 7352], [7355, 7355], [7374, 7374], [7376, 7376], [7568, 7570], [7613, 7614], [7618, 7618], [7662, 7662], [7707, 7707], [7711, 7711], [7713, 7713]]
/store/mc/RunIISummer16MiniAODv2/VBFHToTauTau_M125_13TeV_powheg_pythia8/MINIAODSIM/PUMoriond17_80X_mcRun2_asymptotic_2016_TrancheIV_v6-v1/60000/4E7E6513-52D0-E611-B022-1CC1DE19285A.root
[[699, 699], [707, 708], [721, 722], [724, 725], [732, 732], [782, 782], [997, 1007], [1214, 1214], [1216, 1216], [1285, 1285], [1287, 1287], [1324, 1324], [1328, 1328], [1369, 1369], [1371, 1371], [1373, 1375], [1390, 1390], [2054, 2055], [2057, 2058], [2060, 2062], [2338, 2338], [2486, 2487], [2489, 2489], [2493, 2494], [2741, 2742], [2744, 2746], [2800, 2803], [3412, 3412], [3419, 3419], [3614, 3616], [3623, 3623], [3669, 3671], [4046, 4046], [4225, 4236], [4366, 4368], [4383, 4383], [4385, 4385], [4387, 4387], [4589, 4592], [4645, 4645], [4648, 4648], [4650, 4651], [4697, 4700], [4838, 4838], [5069, 5072], [5185, 5187], [5192, 5194], [5196, 5196], [5199, 5200], [5204, 5205], [5224, 5227], [5395, 5396], [5400, 5400], [5448, 5448], [5536, 5539], [5810, 5810], [5814, 5815], [5817, 5817], [6085, 6085], [6578, 6578], [7260, 7260], [7417, 7420], [7422, 7422], [7428, 7428]]
/store/mc/RunIISummer16MiniAODv2/VBFHToTauTau_M125_13TeV_powheg_pythia8/MINIAODSIM/PUMoriond17_80X_mcRun2_asymptotic_2016_TrancheIV_v6-v1/60000/8C64E394-39CF-E611-8CBC-1CC1DE18C984.root
[[163, 163], [168, 168], [429, 429], [432, 432], [672, 672], [705, 706], [709, 710], [781, 781], [783, 792], [815, 815], [818, 818], [822, 822], [826, 826], [889, 889], [891, 891], [893, 894], [1095, 1098], [1132, 1132], [1203, 1204], [1206, 1207], [1209, 1211], [1213, 1213], [1215, 1215], [1218, 1224], [1286, 1286], [1288, 1294], [1296, 1296], [1321, 1321], [1327, 1327], [1330, 1330], [1457, 1457], [1479, 1479], [1525, 1536], [1928, 1928], [1934, 1934], [1940, 1940], [1985, 1986], [1988, 1989], [1992, 1992], [2020, 2020], [2141, 2142], [2185, 2191], [2195, 2195], [2223, 2223], [2229, 2229], [2295, 2295], [2336, 2337], [2339, 2340], [2353, 2353], [2358, 2358], [2361, 2361], [2417, 2417], [2419, 2419], [2458, 2458], [2485, 2485], [2488, 2488], [2490, 2492], [2495, 2496], [2532, 2532], [2638, 2638], [2643, 2643], [2647, 2647], [2649, 2649], [2731, 2731], [2734, 2734], [2737, 2740], [2743, 2743], [2747, 2748], [2805, 2808], [2814, 2814], [2819, 2819], [2964, 2964], [2969, 2970], [2973, 2973], [2976, 2976], [3085, 3086], [3219, 3219], [3296, 3296], [3298, 3298], [3326, 3326], [3375, 3375], [3379, 3379], [3409, 3411], [3413, 3414], [3450, 3451], [3453, 3453], [3552, 3552], [3578, 3578], [3621, 3622], [3624, 3624], [3637, 3637], [3640, 3640], [3649, 3649], [3658, 3658], [3661, 3661], [3672, 3672], [3880, 3880], [3890, 3890], [3897, 3897], [3900, 3900], [3974, 3975], [4006, 4006], [4035, 4035], [4043, 4043], [4045, 4045], [4047, 4050], [4056, 4056], [4123, 4123], [4128, 4128], [4191, 4191], [4194, 4194], [4360, 4360], [4381, 4382], [4384, 4384], [4392, 4392], [4395, 4395], [4398, 4398], [4431, 4431], [4436, 4436], [4501, 4502], [4505, 4505], [4578, 4578], [4593, 4596], [4646, 4647], [4649, 4649], [4652, 4656], [4705, 4705], [4757, 4759], [4762, 4762], [4777, 4778], [4780, 4780], [4785, 4785], [4837, 4837], [4841, 4841], [4870, 4870], [4962, 4962], [5058, 5058], [5079, 5079], [5082, 5082], [5090, 5093], [5098, 5099], [5125, 5125], [5128, 5128], [5131, 5136], [5184, 5184], [5188, 5191], [5197, 5198], [5251, 5251], [5258, 5258], [5262, 5262], [5265, 5265], [5269, 5269], [5338, 5338], [5446, 5447], [5485, 5485], [5487, 5488], [5491, 5491], [5496, 5496], [5509, 5509], [5511, 5511], [5514, 5514], [5517, 5518], [5534, 5535], [5543, 5544], [5557, 5557], [5572, 5575], [5577, 5577], [5592, 5592], [5596, 5596], [5600, 5600], [5605, 5610], [5628, 5628], [5684, 5684], [5912, 5912], [5968, 5968], [6037, 6037], [6039, 6039], [6091, 6091], [6093, 6095], [6241, 6241], [6250, 6251], [6262, 6262], [6267, 6267], [6274, 6274], [6385, 6385], [6387, 6387], [6421, 6431], [6481, 6481], [6490, 6492], [6505, 6508], [6510, 6510], [6515, 6516], [6668, 6668], [6974, 6974], [7033, 7036], [7040, 7040], [7042, 7044], [7148, 7148], [7170, 7170], [7172, 7173], [7175, 7175], [7191, 7191], [7252, 7254], [7257, 7257], [7395, 7396], [7398, 7398], [7525, 7528], [7530, 7532], [7534, 7536], [7551, 7554], [7645, 7650], [7655, 7655], [7667, 7667], [7696, 7696]]
/store/mc/RunIISummer16MiniAODv2/VBFHToTauTau_M125_13TeV_powheg_pythia8/MINIAODSIM/PUMoriond17_80X_mcRun2_asymptotic_2016_TrancheIV_v6-v1/60000/8ECE88C5-15CF-E611-9E00-0CC47A7EEEA0.root
[[73, 73], [79, 79], [81, 81], [189, 189], [443, 443], [663, 663], [717, 717], [741, 741], [744, 744], [809, 809], [816, 816], [824, 824], [856, 856], [864, 865], [869, 870], [872, 872], [878, 878], [882, 887], [1053, 1053], [1055, 1055], [1108, 1108], [1110, 1111], [1115, 1115], [1130, 1130], [1139, 1140], [1183, 1184], [1263, 1263], [1265, 1265], [1269, 1270], [1274, 1274], [1276, 1276], [1281, 1281], [1402, 1402], [1454, 1456], [1466, 1466], [1470, 1470], [1475, 1475], [1486, 1486], [1537, 1539], [1603, 1603], [1605, 1605], [1648, 1648], [1651, 1651], [1671, 1671], [1681, 1682], [1684, 1684], [1699, 1699], [1756, 1758], [1762, 1764], [1769, 1769], [1772, 1772], [1774, 1774], [1777, 1777], [1779, 1782], [1784, 1784], [1788, 1788], [1801, 1801], [1807, 1807], [1828, 1828], [1837, 1838], [1840, 1840], [1861, 1861], [1864, 1864], [1869, 1869], [1872, 1872], [1900, 1900], [1907, 1907], [1912, 1912], [1981, 1981], [1983, 1984], [2007, 2007], [2026, 2026], [2034, 2034], [2037, 2038], [2069, 2070], [2073, 2073], [2113, 2113], [2120, 2120], [2124, 2124], [2137, 2137], [2140, 2140], [2143, 2143], [2145, 2145], [2150, 2151], [2154, 2154], [2158, 2158], [2210, 2210], [2227, 2227], [2232, 2232], [2293, 2293], [2296, 2296], [2303, 2303], [2404, 2404], [2418, 2418], [2422, 2422], [2426, 2427], [2431, 2431], [2434, 2434], [2442, 2442], [2445, 2445], [2448, 2450], [2452, 2452], [2457, 2457], [2459, 2459], [2523, 2523], [2526, 2528], [2530, 2531], [2545, 2546], [2554, 2554], [2568, 2568], [2640, 2640], [2648, 2648], [2653, 2653], [2661, 2661], [2667, 2667], [2675, 2675], [2696, 2696], [2725, 2725], [2810, 2812], [2913, 2914], [2942, 2943], [2952, 2952], [2954, 2954], [2963, 2963], [2967, 2967], [2972, 2972], [2974, 2974], [3039, 3039], [3042, 3042], [3044, 3044], [3046, 3046], [3125, 3125], [3135, 3135], [3143, 3143], [3145, 3145], [3148, 3148], [3204, 3204], [3217, 3217], [3221, 3221], [3226, 3227], [3261, 3262], [3280, 3280], [3282, 3282], [3285, 3285], [3307, 3307], [3327, 3327], [3331, 3331], [3336, 3336], [3382, 3382], [3543, 3543], [3548, 3548], [3642, 3642], [3653, 3653], [3656, 3656], [3673, 3673], [3675, 3677], [3679, 3679], [3684, 3684], [3689, 3689], [3698, 3699], [3701, 3701], [3705, 3705], [3747, 3747], [3779, 3779], [3812, 3812], [3873, 3873], [3876, 3876], [3878, 3878], [3892, 3892], [3915, 3915], [3991, 3991], [4015, 4015], [4037, 4037], [4040, 4040], [4117, 4117], [4121, 4122], [4164, 4164], [4192, 4193], [4195, 4196], [4199, 4200], [4309, 4309], [4316, 4316], [4321, 4323], [4331, 4332], [4345, 4349], [4351, 4351], [4353, 4356], [4397, 4397], [4400, 4400], [4402, 4402], [4419, 4419], [4432, 4432], [4440, 4440], [4470, 4470], [4573, 4576], [4579, 4579], [4582, 4582], [4711, 4711], [4750, 4750], [4779, 4779], [4783, 4783], [4786, 4786], [4865, 4865], [4871, 4871], [4928, 4928], [4940, 4942], [4947, 4947], [4949, 4949], [4952, 4952], [4961, 4961], [5041, 5041], [5044, 5044], [5061, 5061], [5077, 5077], [5173, 5173], [5182, 5182], [5245, 5246], [5252, 5253], [5255, 5255], [5257, 5257], [5259, 5261], [5263, 5263], [5266, 5266], [5276, 5277], [5281, 5281], [5285, 5285], [5288, 5288], [5290, 5290], [5332, 5332], [5365, 5365], [5371, 5371], [5373, 5373], [5419, 5419], [5452, 5452], [5456, 5456], [5460, 5460], [5510, 5510], [5512, 5513], [5515, 5516], [5526, 5526], [5529, 5529], [5531, 5531], [5563, 5563], [5581, 5581], [5584, 5584], [5588, 5588], [5595, 5595], [5617, 5617], [5619, 5619], [5627, 5627], [5642, 5642], [5644, 5644], [5672, 5672], [5676, 5676], [5713, 5713], [5720, 5720], [5722, 5722], [5809, 5809], [5812, 5812], [5833, 5833], [5838, 5838], [5840, 5840], [5951, 5951], [6030, 6030], [6048, 6048], [6138, 6138], [6140, 6141], [6206, 6206], [6208, 6208], [6210, 6211], [6221, 6221], [6253, 6253], [6317, 6317], [6320, 6321], [6404, 6404], [6603, 6603], [6606, 6606], [6713, 6713], [6793, 6793], [6819, 6819], [6853, 6854], [6857, 6857], [6859, 6859], [6864, 6864], [6913, 6913], [6915, 6915], [6946, 6946], [7022, 7022], [7029, 7029], [7031, 7031], [7082, 7082], [7084, 7085], [7099, 7099], [7105, 7105], [7114, 7114], [7153, 7156], [7160, 7161], [7163, 7163], [7169, 7169], [7182, 7182], [7186, 7187], [7204, 7204], [7206, 7206], [7282, 7282], [7336, 7336], [7348, 7348], [7564, 7564]]
/store/mc/RunIISummer16MiniAODv2/VBFHToTauTau_M125_13TeV_powheg_pythia8/MINIAODSIM/PUMoriond17_80X_mcRun2_asymptotic_2016_TrancheIV_v6-v1/60000/A6349D43-ACCD-E611-A0C2-D4AE526A0CE0.root
[[20, 20], [75, 76], [134, 134], [143, 143], [182, 182], [185, 185], [187, 188], [190, 191], [310, 310], [421, 421], [469, 469], [480, 480], [518, 518], [521, 521], [528, 528], [532, 532], [577, 578], [582, 582], [584, 585], [649, 651], [653, 655], [657, 659], [665, 665], [668, 668], [715, 715], [736, 737], [740, 740], [742, 743], [806, 806], [817, 817], [820, 820], [854, 855], [858, 859], [861, 861], [863, 863], [879, 879], [890, 890], [896, 896], [898, 898], [928, 928], [933, 933], [936, 936], [966, 968], [971, 971], [1046, 1046], [1052, 1052], [1054, 1054], [1081, 1081], [1083, 1083], [1085, 1085], [1090, 1090], [1105, 1105], [1107, 1107], [1109, 1109], [1112, 1114], [1177, 1177], [1181, 1181], [1186, 1186], [1261, 1261], [1271, 1272], [1277, 1277], [1279, 1279], [1297, 1297], [1301, 1302], [1401, 1401], [1405, 1410], [1413, 1413], [1415, 1415], [1417, 1417], [1419, 1422], [1424, 1426], [1428, 1428], [1462, 1462], [1467, 1467], [1471, 1472], [1481, 1481], [1483, 1485], [1487, 1488], [1503, 1506], [1512, 1512], [1540, 1540], [1563, 1563], [1680, 1680], [1686, 1687], [1689, 1689], [1696, 1696], [1704, 1705], [1707, 1707], [1709, 1709], [1713, 1715], [1717, 1717], [1743, 1744], [1748, 1748], [1802, 1802], [1805, 1805], [1809, 1809], [1812, 1812], [1826, 1826], [1829, 1829], [1834, 1834], [1841, 1841], [1846, 1846], [1862, 1863], [1865, 1866], [1868, 1868], [1870, 1870], [1898, 1899], [1901, 1901], [1920, 1920], [1938, 1938], [1941, 1941], [1943, 1943], [2014, 2014], [2017, 2018], [2021, 2021], [2031, 2031], [2066, 2067], [2074, 2075], [2114, 2115], [2119, 2119], [2122, 2122], [2144, 2144], [2146, 2148], [2152, 2152], [2209, 2209], [2217, 2219], [2228, 2228], [2230, 2230], [2299, 2299], [2302, 2302], [2304, 2304], [2360, 2360], [2362, 2362], [2401, 2401], [2403, 2403], [2409, 2409], [2412, 2412], [2414, 2415], [2421, 2421], [2428, 2428], [2436, 2437], [2440, 2440], [2455, 2455], [2460, 2460], [2473, 2473], [2478, 2478], [2480, 2482], [2547, 2547], [2549, 2550], [2552, 2553], [2562, 2562], [2631, 2632], [2635, 2636], [2641, 2641], [2651, 2652], [2662, 2662], [2664, 2665], [2669, 2670], [2689, 2689], [2693, 2693], [2699, 2699], [2813, 2813], [2908, 2908], [3121, 3121], [3154, 3154], [3193, 3193], [3196, 3196], [3198, 3198], [3200, 3200], [3256, 3256], [3260, 3260], [3308, 3308], [3310, 3310], [3329, 3330], [3333, 3333], [3335, 3335], [3373, 3373], [3380, 3380], [3383, 3384], [3445, 3445], [3448, 3448], [3524, 3525], [3528, 3528], [3609, 3609], [3634, 3634], [3717, 3717], [3780, 3780], [3866, 3866], [3885, 3885], [3889, 3889], [3891, 3891], [3899, 3899], [3916, 3916], [4013, 4013], [4042, 4042], [4125, 4125], [4132, 4132], [4136, 4140], [4310, 4310], [4312, 4312], [4314, 4314], [4320, 4320], [4329, 4330], [4399, 4399], [4428, 4428], [4467, 4468], [4552, 4552], [4560, 4560], [4680, 4680], [4712, 4713], [4899, 4899], [4953, 4953], [5043, 5043], [5046, 5049], [5051, 5051], [5063, 5063], [5370, 5370], [5374, 5374], [5420, 5420], [5423, 5423], [5454, 5454], [5532, 5532], [5558, 5558], [5566, 5566], [5718, 5718], [5823, 5823], [5829, 5829], [5835, 5835], [5837, 5837], [5859, 5859], [5863, 5863], [5867, 5867], [5922, 5922], [5942, 5942], [5950, 5950], [5962, 5962], [6026, 6027], [6031, 6032], [6041, 6042], [6123, 6123], [6126, 6128], [6130, 6130], [6133, 6134], [6139, 6139], [6142, 6142], [6265, 6265], [6270, 6270], [6287, 6287], [6383, 6383], [6397, 6398], [6400, 6401], [6403, 6403], [6406, 6407], [6477, 6478], [6520, 6520], [6526, 6526], [6555, 6555], [6607, 6607], [6686, 6686], [6689, 6689], [6695, 6695], [6710, 6710], [6717, 6717], [6720, 6720], [6748, 6748], [6754, 6754], [6772, 6773], [6945, 6945], [7063, 7063], [7086, 7086], [7091, 7091], [7096, 7096], [7203, 7203], [7210, 7210], [7335, 7335], [7345, 7345], [7347, 7347], [7369, 7369], [7371, 7372], [7478, 7478], [7482, 7484], [7584, 7584], [7715, 7715]]
/store/mc/RunIISummer16MiniAODv2/VBFHToTauTau_M125_13TeV_powheg_pythia8/MINIAODSIM/PUMoriond17_80X_mcRun2_asymptotic_2016_TrancheIV_v6-v1/60000/C8A3E43A-A4CE-E611-94FF-D4AE526A0488.root
[[24, 24], [51, 51], [54, 54], [57, 57], [74, 74], [78, 78], [80, 80], [84, 84], [109, 111], [116, 116], [118, 119], [133, 133], [138, 138], [142, 142], [181, 181], [183, 184], [192, 192], [385, 386], [388, 389], [393, 394], [396, 396], [423, 424], [426, 427], [430, 431], [434, 434], [436, 437], [441, 441], [470, 470], [473, 473], [476, 477], [529, 529], [587, 587], [661, 661], [664, 664], [666, 666], [669, 669], [671, 671], [711, 711], [713, 714], [719, 719], [805, 805], [808, 808], [810, 814], [821, 821], [823, 823], [827, 827], [857, 857], [867, 867], [895, 895], [897, 897], [900, 900], [926, 926], [929, 930], [932, 932], [934, 935], [972, 972], [1047, 1047], [1051, 1051], [1091, 1091], [1106, 1106], [1129, 1129], [1131, 1131], [1133, 1138], [1156, 1156], [1158, 1160], [1162, 1162], [1164, 1164], [1179, 1179], [1182, 1182], [1202, 1202], [1205, 1205], [1212, 1212], [1264, 1264], [1273, 1273], [1282, 1282], [1403, 1403], [1411, 1411], [1414, 1414], [1418, 1418], [1423, 1423], [1427, 1427], [1453, 1453], [1458, 1460], [1465, 1465], [1473, 1473], [1478, 1478], [1480, 1480], [1502, 1502], [1507, 1507], [1510, 1511], [1544, 1544], [1561, 1562], [1566, 1570], [1572, 1572], [1599, 1600], [1602, 1602], [1604, 1604], [1646, 1646], [1654, 1655], [1679, 1679], [1683, 1683], [1691, 1692], [1700, 1700], [1702, 1702], [1706, 1706], [1716, 1716], [1718, 1718], [1721, 1722], [1727, 1727], [1749, 1750], [1760, 1760], [1767, 1767], [1770, 1770], [1783, 1783], [1786, 1787], [1803, 1804], [1806, 1806], [1825, 1825], [1827, 1827], [1830, 1831], [1842, 1843], [1845, 1845], [1847, 1847], [1871, 1871], [1904, 1904], [1906, 1906], [1908, 1910], [1914, 1914], [1917, 1917], [1939, 1939], [1944, 1944], [1990, 1990], [2009, 2011], [2015, 2016], [2019, 2019], [2022, 2023], [2025, 2025], [2028, 2028], [2030, 2030], [2033, 2033], [2065, 2065], [2071, 2072], [2121, 2121], [2138, 2138], [2155, 2155], [2213, 2214], [2224, 2226], [2298, 2298], [2300, 2300], [2357, 2357], [2363, 2363], [2411, 2411], [2416, 2416], [2424, 2425], [2429, 2429], [2433, 2433], [2451, 2451], [2453, 2454], [2476, 2477], [2479, 2479], [2521, 2522], [2533, 2534], [2540, 2540], [2543, 2543], [2551, 2551], [2555, 2555], [2559, 2560], [2633, 2634], [2644, 2646], [2650, 2650], [2691, 2691], [2694, 2694], [2697, 2697], [2809, 2809], [2815, 2818], [2948, 2951], [2953, 2953], [2965, 2966], [3041, 3041], [3123, 3123], [3147, 3147], [3168, 3168], [3195, 3195], [3199, 3199], [3220, 3220], [3222, 3222], [3224, 3224], [3255, 3255], [3257, 3257], [3264, 3264], [3286, 3286], [3291, 3294], [3300, 3300], [3312, 3312], [3328, 3328], [3484, 3487], [3489, 3489], [3541, 3542], [3550, 3551], [3602, 3604], [3608, 3608], [3611, 3611], [3639, 3639], [3680, 3680], [3683, 3683], [3697, 3697], [3700, 3700], [3702, 3703], [3711, 3711], [3769, 3771], [3810, 3810], [3815, 3816], [3865, 3865], [3869, 3869], [3871, 3871], [3875, 3875], [3877, 3877], [3881, 3881], [3888, 3888], [3894, 3894], [3919, 3919], [3989, 3989], [3995, 3995], [3999, 3999], [4004, 4004], [4007, 4008], [4017, 4019], [4034, 4034], [4118, 4118], [4120, 4120], [4126, 4127], [4135, 4135], [4154, 4154], [4156, 4156], [4162, 4163], [4198, 4198], [4273, 4273], [4280, 4280], [4313, 4313], [4317, 4317], [4319, 4319], [4324, 4324], [4439, 4439], [4514, 4514], [4516, 4516], [4518, 4518], [4521, 4521], [4677, 4677], [4782, 4782], [4784, 4784], [4862, 4863], [4897, 4898], [4901, 4901], [4903, 4903], [4922, 4922], [4924, 4925], [4933, 4933], [4936, 4938], [4951, 4951], [4956, 4957], [5052, 5052], [5062, 5062], [5078, 5078], [5080, 5081], [5181, 5181], [5250, 5250], [5289, 5289], [5333, 5333], [5344, 5345], [5347, 5351], [5372, 5372], [5416, 5416], [5418, 5418], [5422, 5422], [5424, 5424], [5443, 5443], [5449, 5449], [5457, 5459], [5519, 5520], [5528, 5528], [5582, 5582], [5585, 5585], [5587, 5587], [5589, 5589], [5611, 5611], [5623, 5623], [5643, 5643], [5648, 5648], [5650, 5650], [5670, 5671], [5679, 5679], [5681, 5681], [5683, 5683], [5784, 5784], [5811, 5811], [5813, 5813], [5816, 5816], [5825, 5825], [5834, 5834], [5836, 5836], [5839, 5839], [5841, 5843], [5857, 5857], [5860, 5861], [5865, 5866], [5868, 5868], [5911, 5911], [5915, 5915], [5921, 5921], [5926, 5927], [5946, 5946], [5949, 5949], [5961, 5961], [6033, 6034], [6121, 6122], [6205, 6205], [6207, 6207], [6212, 6215], [6277, 6277], [6314, 6314], [6316, 6316], [6318, 6319], [6323, 6324], [6433, 6433], [6435, 6440], [6444, 6444], [6476, 6476], [6669, 6669], [6687, 6688], [6719, 6719], [6798, 6799], [6823, 6823], [6855, 6855], [6860, 6862], [6985, 6988], [7064, 7064], [7081, 7081], [7083, 7083], [7087, 7087], [7101, 7101], [7141, 7141], [7145, 7145], [7165, 7166], [7179, 7179], [7184, 7184], [7566, 7567], [7572, 7572], [7706, 7706], [7708, 7708], [7712, 7712]]
/store/mc/RunIISummer16MiniAODv2/VBFHToTauTau_M125_13TeV_powheg_pythia8/MINIAODSIM/PUMoriond17_80X_mcRun2_asymptotic_2016_TrancheIV_v6-v1/60000/DE87C0EA-A0C9-E611-AF76-001EC9B215FB.root
[[15, 15], [19, 19], [23, 23], [120, 120], [140, 140], [871, 871], [1045, 1045], [1048, 1048], [4503, 4503], [4716, 4716], [4864, 4864], [4868, 4868]]
/store/mc/RunIISummer16MiniAODv2/VBFHToTauTau_M125_13TeV_powheg_pythia8/MINIAODSIM/PUMoriond17_80X_mcRun2_asymptotic_2016_TrancheIV_v6-v1/60000/E6F0BB25-91CD-E611-B015-001EC9B210E7.root
[[13, 13], [18, 18], [21, 21], [49, 49], [55, 55], [82, 83], [112, 115], [117, 117], [135, 137], [186, 186], [311, 311], [438, 438], [442, 442], [475, 475], [478, 479], [519, 519], [524, 526], [533, 533], [540, 540], [652, 652], [656, 656], [735, 735], [738, 738], [780, 780], [828, 828], [868, 868], [875, 875], [877, 877], [892, 892], [899, 899], [925, 925], [931, 931], [1069, 1076], [1080, 1080], [1084, 1084], [1087, 1087], [1104, 1104], [1116, 1116], [1278, 1278], [1283, 1284], [1399, 1399], [1412, 1412], [1464, 1464], [1543, 1543], [1546, 1547], [1565, 1565], [1598, 1598], [1608, 1608], [1645, 1645], [1649, 1649], [1653, 1653], [1656, 1656], [1672, 1672], [1676, 1678], [1693, 1694], [1697, 1698], [1703, 1703], [1708, 1708], [1720, 1720], [1741, 1741], [1751, 1751], [1766, 1766], [1808, 1808], [1835, 1835], [1848, 1848], [1902, 1902], [1991, 1991], [2012, 2013], [2027, 2027], [2029, 2029], [2035, 2035], [2039, 2039], [2068, 2068], [2117, 2118], [2123, 2123], [2139, 2139], [2149, 2149], [2156, 2156], [2211, 2212], [2215, 2215], [2402, 2402], [2405, 2405], [2408, 2408], [2413, 2413], [2423, 2423], [2438, 2439], [2441, 2441], [2446, 2446], [2483, 2483], [2538, 2539], [2541, 2541], [2544, 2544], [2548, 2548], [2556, 2556], [2558, 2558], [2565, 2566], [2637, 2637], [2639, 2639], [2642, 2642], [2666, 2666], [2671, 2671], [2676, 2676], [2692, 2692], [2698, 2698], [2727, 2729], [2733, 2733], [2735, 2736], [2909, 2909], [2916, 2916], [2944, 2944], [3045, 3045], [3126, 3126], [3133, 3133], [3138, 3138], [3140, 3141], [3152, 3152], [3156, 3156], [3225, 3225], [3228, 3228], [3277, 3279], [3283, 3283], [3287, 3288], [3295, 3295], [3481, 3482], [3492, 3492], [3605, 3606], [3610, 3610], [3612, 3612], [3625, 3625], [3628, 3628], [3630, 3633], [3635, 3636], [3659, 3660], [3807, 3807], [3874, 3874], [3898, 3898], [3913, 3913], [3920, 3920], [3998, 3998], [4002, 4002], [4020, 4020], [4036, 4036], [4038, 4039], [4124, 4124], [4130, 4130], [4134, 4134], [4157, 4158], [4160, 4160], [4274, 4275], [4277, 4279], [4283, 4284], [4394, 4394], [4396, 4396], [4401, 4401], [4403, 4403], [4418, 4418], [4420, 4420], [4422, 4424], [4438, 4438], [4473, 4473], [4475, 4476], [4506, 4507], [4517, 4517], [4519, 4520], [4522, 4523], [4556, 4556], [4559, 4559], [4583, 4583], [4588, 4588], [4710, 4710], [4744, 4744], [4749, 4749], [4788, 4788], [4869, 4869], [4872, 4872], [4902, 4902], [4904, 4904], [4921, 4921], [4923, 4923], [4930, 4930], [4932, 4932], [4939, 4939], [4946, 4946], [5076, 5076], [5086, 5086], [5100, 5100], [5179, 5179], [5183, 5183], [5208, 5208], [5232, 5232], [5247, 5247], [5254, 5254], [5268, 5268], [5271, 5271], [5275, 5275], [5280, 5280], [5283, 5283], [5329, 5331], [5340, 5340], [5392, 5392], [5437, 5442], [5444, 5445], [5455, 5455], [5564, 5564], [5590, 5590], [5593, 5594], [5604, 5604], [5615, 5616], [5622, 5622], [5625, 5626], [5649, 5649], [5762, 5765], [5767, 5767], [5771, 5772], [5818, 5818], [5820, 5820], [5830, 5830], [5844, 5844], [5906, 5907], [5910, 5910], [6025, 6025], [6035, 6036], [6132, 6132], [6216, 6216], [6257, 6257], [6280, 6280], [6288, 6288], [6377, 6378], [6442, 6442], [6517, 6517], [6519, 6519], [6553, 6554], [6605, 6605], [6608, 6608], [6612, 6612], [6614, 6615], [6621, 6621], [6624, 6624], [6670, 6670], [6685, 6685], [6692, 6692], [6694, 6694], [6696, 6696], [6712, 6712], [6714, 6714], [6716, 6716], [6750, 6750], [6753, 6753], [6771, 6771], [6818, 6818], [6820, 6822], [6863, 6863], [7030, 7030], [7032, 7032], [7088, 7089], [7094, 7094], [7097, 7098], [7102, 7104], [7149, 7149], [7152, 7152], [7157, 7157], [7162, 7162], [7176, 7177], [7185, 7185], [7202, 7202], [7205, 7205], [7207, 7207], [7209, 7209], [7224, 7224], [7276, 7276], [7278, 7281], [7284, 7284], [7333, 7333], [7337, 7339], [7343, 7343], [7356, 7356], [7402, 7402], [7404, 7404], [7477, 7477], [7562, 7562], [7565, 7565], [7571, 7571], [7659, 7659], [7663, 7665], [7669, 7669], [7698, 7698], [7700, 7701], [7704, 7705], [7709, 7709], [7714, 7714], [7716, 7716]]
/store/mc/RunIISummer16MiniAODv2/VBFHToTauTau_M125_13TeV_powheg_pythia8/MINIAODSIM/PUMoriond17_80X_mcRun2_asymptotic_2016_TrancheIV_v6-v1/70000/E6E9D7A8-A5D0-E611-8D31-D4AE526A0A4B.root
[[586, 586], [860, 860], [888, 888], [1178, 1178], [1262, 1262], [1266, 1266], [1275, 1275], [1474, 1474], [1476, 1476], [1508, 1509], [1545, 1545], [1548, 1548], [1597, 1597], [1601, 1601], [1670, 1670], [1673, 1675], [1685, 1685], [1688, 1688], [1690, 1690], [1701, 1701], [1723, 1723], [1728, 1728], [1742, 1742], [1745, 1745], [1776, 1776], [1811, 1811], [1935, 1935], [2024, 2024], [2040, 2040], [2116, 2116], [2221, 2221], [2354, 2356], [2406, 2406], [2535, 2535], [2542, 2542], [2564, 2564], [2655, 2655], [2657, 2658], [2663, 2663], [2690, 2690], [2695, 2695], [2955, 2955], [2957, 2957], [3048, 3048], [3128, 3128], [3137, 3137], [3153, 3153], [3491, 3491], [3917, 3918], [3922, 3924], [3987, 3987], [3994, 3994], [4000, 4000], [4005, 4005], [4016, 4016], [4155, 4155], [4318, 4318], [4417, 4417], [4426, 4426], [4550, 4550], [4944, 4944], [4954, 4954], [5417, 5417], [5421, 5421], [6384, 6384], [6672, 6672], [7116, 7116]]
/store/mc/RunIISummer16MiniAODv2/VBFHToTauTau_M125_13TeV_powheg_pythia8/MINIAODSIM/PUMoriond17_80X_mcRun2_asymptotic_2016_TrancheIV_v6-v1/80000/00F84521-F4C3-E611-820F-002590FD5E3E.root
[[101, 101], [103, 104], [107, 108], [257, 257], [289, 291], [296, 297], [335, 336], [349, 351], [362, 362], [365, 365], [413, 415], [418, 418], [450, 450], [460, 460], [462, 462], [465, 465], [467, 468], [505, 505], [509, 512], [514, 516], [541, 544], [548, 548], [550, 551], [593, 597], [645, 645], [678, 678], [747, 749], [919, 919], [942, 942], [996, 996], [1035, 1035], [1037, 1039], [1042, 1042], [1058, 1058], [1144, 1146], [1150, 1150], [1355, 1355], [1492, 1492], [1494, 1494], [1499, 1499], [1996, 1996], [2169, 2170], [2252, 2254], [2256, 2256], [2261, 2261], [2264, 2266], [2268, 2268], [2281, 2281], [2283, 2283], [2287, 2288], [2319, 2319], [2328, 2329], [2331, 2331], [2334, 2334], [2583, 2583], [2585, 2585], [2587, 2589], [2591, 2591], [2617, 2617], [2619, 2619], [2624, 2626], [2713, 2714], [2716, 2716], [2723, 2724], [2752, 2752], [2756, 2758], [2773, 2775], [2777, 2777], [2780, 2780], [2787, 2787], [2792, 2792], [2794, 2794], [2826, 2827], [2831, 2831], [2838, 2838], [2841, 2842], [2865, 2865], [2884, 2884], [2889, 2889], [2991, 2992], [2995, 2995], [2997, 2998], [3035, 3035], [3320, 3320], [3324, 3324], [3347, 3347], [3434, 3434], [3471, 3473], [3477, 3477], [3509, 3509], [3513, 3513], [3567, 3569], [3572, 3572], [3576, 3576], [3736, 3736], [3743, 3743], [3781, 3781], [3822, 3822], [3954, 3954], [3956, 3958], [3968, 3968], [4082, 4082], [4085, 4085], [4094, 4095], [4143, 4144], [4146, 4146], [4150, 4150], [4174, 4174], [4202, 4202], [4305, 4305], [4334, 4335], [4337, 4341], [4373, 4373], [4480, 4481], [4484, 4484], [4562, 4562], [4568, 4568], [4717, 4718], [4896, 4896], [4987, 4987], [5005, 5005], [5008, 5008], [5324, 5325], [5412, 5412], [5476, 5476], [5480, 5481], [5542, 5542], [5545, 5545], [5547, 5547], [5552, 5553], [5555, 5556], [5694, 5694], [5697, 5697], [5700, 5700], [5800, 5800], [5802, 5802], [5967, 5967], [5969, 5969], [5978, 5978], [5982, 5983], [5987, 5987], [6388, 6388], [6390, 6390], [6445, 6445], [6453, 6453], [6456, 6456], [6460, 6460], [6462, 6462], [6464, 6464], [6630, 6630], [6640, 6641], [6645, 6645], [6708, 6708], [6897, 6897], [6949, 6951], [6961, 6962], [6968, 6968], [6970, 6970], [7233, 7235], [7261, 7261], [7427, 7427], [7436, 7436], [7440, 7440], [7688, 7692]]
/store/mc/RunIISummer16MiniAODv2/VBFHToTauTau_M125_13TeV_powheg_pythia8/MINIAODSIM/PUMoriond17_80X_mcRun2_asymptotic_2016_TrancheIV_v6-v1/80000/22E48CFE-B7C3-E611-8C18-00266CF3E130.root
[[330, 331], [333, 334], [921, 921], [924, 924], [1962, 1964], [1966, 1966], [2821, 2825], [2828, 2830], [2832, 2832], [2857, 2857], [4298, 4300], [6362, 6363], [6366, 6366], [6371, 6371], [6538, 6538], [6703, 6706]]
/store/mc/RunIISummer16MiniAODv2/VBFHToTauTau_M125_13TeV_powheg_pythia8/MINIAODSIM/PUMoriond17_80X_mcRun2_asymptotic_2016_TrancheIV_v6-v1/80000/28E3AFE7-EAC5-E611-B263-90E2BAC9B7A8.root
[[129, 132], [228, 228], [370, 370], [6969, 6969], [6972, 6972], [7522, 7524], [7631, 7631]]
/store/mc/RunIISummer16MiniAODv2/VBFHToTauTau_M125_13TeV_powheg_pythia8/MINIAODSIM/PUMoriond17_80X_mcRun2_asymptotic_2016_TrancheIV_v6-v1/80000/4C29C69B-83C6-E611-995E-002590DE6C96.root
[[7556, 7559]]
/store/mc/RunIISummer16MiniAODv2/VBFHToTauTau_M125_13TeV_powheg_pythia8/MINIAODSIM/PUMoriond17_80X_mcRun2_asymptotic_2016_TrancheIV_v6-v1/80000/5CA44AB7-2EC3-E611-93A9-0CC47A7EED28.root
[[241, 248], [461, 461], [506, 506], [508, 508], [598, 598], [751, 751], [985, 985], [988, 989], [993, 993], [1059, 1059], [1062, 1062], [1141, 1141], [1353, 1354], [1495, 1495], [1957, 1960], [2282, 2282], [6159, 6159], [6162, 6163], [6166, 6166], [6391, 6395], [6482, 6483], [7262, 7265]]
/store/mc/RunIISummer16MiniAODv2/VBFHToTauTau_M125_13TeV_powheg_pythia8/MINIAODSIM/PUMoriond17_80X_mcRun2_asymptotic_2016_TrancheIV_v6-v1/80000/60DB5ADC-81C3-E611-85F7-70106F48B9E2.root
[[219, 220], [223, 224], [254, 254], [259, 259], [261, 262], [447, 447], [745, 746], [752, 755], [987, 987], [991, 991], [994, 995], [1147, 1147], [1149, 1149], [1352, 1352], [1489, 1489], [1491, 1491], [1493, 1493], [1498, 1498], [1500, 1500], [1557, 1557], [1980, 1980], [2099, 2100], [2246, 2246], [2248, 2248], [2262, 2263], [2267, 2267], [2285, 2285], [2289, 2289], [2317, 2317], [2320, 2320], [2322, 2322], [2326, 2326], [2511, 2511], [2513, 2513], [2515, 2515], [2517, 2517], [2519, 2519], [2590, 2590], [2592, 2592], [2786, 2786], [2795, 2795], [2864, 2864], [2866, 2866], [2890, 2890], [2892, 2892], [3000, 3000], [3318, 3318], [3321, 3321], [3342, 3342], [3345, 3345], [3474, 3476], [3505, 3506], [3565, 3565], [3570, 3571], [3733, 3733], [3737, 3737], [3739, 3740], [3782, 3782], [3786, 3786], [3791, 3791], [3825, 3825], [3828, 3828], [3937, 3937], [3960, 3964], [4100, 4100], [4148, 4148], [4152, 4152], [4166, 4167], [4171, 4171], [4173, 4173], [4297, 4297], [4301, 4304], [4306, 4307], [4343, 4343], [4369, 4370], [4372, 4372], [4380, 4380], [4477, 4477], [4482, 4482], [4486, 4486], [4488, 4488], [4564, 4564], [4569, 4569], [4766, 4766], [4772, 4772], [4819, 4822], [4884, 4884], [4886, 4887], [4889, 4892], [4914, 4915], [4985, 4985], [5107, 5108], [5244, 5244], [5322, 5322], [5507, 5507], [5548, 5549], [5551, 5551], [5554, 5554], [5695, 5696], [5736, 5737], [5748, 5748], [5805, 5805], [5807, 5807], [5855, 5856], [5872, 5873], [5876, 5877], [5980, 5981], [5988, 5988], [6050, 6050], [6058, 6058], [6160, 6161], [6164, 6164], [6167, 6167], [6364, 6365], [6367, 6367], [6411, 6411], [6413, 6416], [6418, 6418], [6446, 6448], [6451, 6451], [6457, 6457], [6461, 6461], [6466, 6467], [6533, 6533], [6536, 6536], [6625, 6625], [6627, 6629], [6673, 6675], [6680, 6680], [6730, 6730], [6783, 6783], [6785, 6785], [6788, 6788], [6960, 6960], [6963, 6963], [6967, 6967], [7268, 7268], [7272, 7272], [7521, 7521], [7548, 7548], [7621, 7621], [7623, 7623], [7630, 7630], [7684, 7687], [7717, 7718]]
/store/mc/RunIISummer16MiniAODv2/VBFHToTauTau_M125_13TeV_powheg_pythia8/MINIAODSIM/PUMoriond17_80X_mcRun2_asymptotic_2016_TrancheIV_v6-v1/80000/6CEED70E-EAC3-E611-9EF9-002590DE6C48.root
[[121, 124], [225, 227], [325, 329], [366, 366], [368, 368], [371, 371], [545, 547], [549, 549], [913, 917], [992, 992], [1040, 1041], [1043, 1044], [1345, 1345], [2292, 2292], [2593, 2594], [2596, 2596], [2598, 2598], [2793, 2793], [2868, 2868], [2881, 2881], [2999, 2999], [3313, 3314], [3343, 3344], [3346, 3346], [3789, 3789], [3792, 3792], [3970, 3970], [3972, 3972], [4165, 4165], [4168, 4170], [4176, 4176], [4308, 4308], [4344, 4344], [4376, 4376], [4378, 4379], [4767, 4768], [4770, 4770], [4813, 4813], [4992, 4992], [5103, 5106], [5109, 5112], [6049, 6049], [6051, 6057], [6059, 6060], [6165, 6165], [6202, 6203], [6361, 6361], [6369, 6370], [6409, 6410], [6412, 6412], [6417, 6417], [6420, 6420], [6458, 6458], [6465, 6465], [6468, 6468], [6530, 6530], [6532, 6532], [6534, 6534], [6540, 6540], [6581, 6582], [6587, 6587], [6636, 6637], [6639, 6639], [6681, 6682], [6699, 6702], [6781, 6781], [6784, 6784], [6787, 6787], [6789, 6789], [6791, 6791], [7069, 7072], [7225, 7228], [7236, 7236], [7518, 7518]]
/store/mc/RunIISummer16MiniAODv2/VBFHToTauTau_M125_13TeV_powheg_pythia8/MINIAODSIM/PUMoriond17_80X_mcRun2_asymptotic_2016_TrancheIV_v6-v1/80000/76A70A86-E7C2-E611-BE79-008CFAFBEA7E.root
[[419, 419], [446, 446], [459, 459], [464, 464], [466, 466], [513, 513], [940, 941], [1889, 1889], [1993, 1994], [1998, 1998], [2172, 2172], [2258, 2258], [2260, 2260], [2284, 2284], [2291, 2291], [2321, 2321], [2323, 2323], [2325, 2325], [2327, 2327], [2509, 2510], [2512, 2512], [2516, 2516], [2518, 2518], [2618, 2618], [2620, 2623], [2790, 2790], [2796, 2796], [2843, 2843], [2845, 2849], [3315, 3315], [3317, 3317], [3319, 3319], [3323, 3323], [3337, 3338], [3348, 3348], [3367, 3368], [3424, 3424], [3480, 3480], [3507, 3507], [3510, 3512], [3566, 3566], [3738, 3738], [3741, 3741], [3744, 3744], [3788, 3788], [3790, 3790], [3965, 3965], [3976, 3976], [4080, 4080], [4141, 4142], [4145, 4145], [4147, 4147], [4149, 4149], [4151, 4151], [4172, 4172], [4175, 4175], [4336, 4336], [4421, 4421], [4765, 4765], [4769, 4769], [4775, 4775], [4814, 4814], [4816, 4816], [4824, 4824], [4888, 4888], [4981, 4981], [4983, 4984], [4986, 4986], [4988, 4991], [5478, 5478], [5798, 5799], [5808, 5808], [6193, 6193], [6303, 6303], [6454, 6454], [6631, 6633], [6646, 6647], [6676, 6676], [6877, 6877], [6892, 6892], [6895, 6895], [7012, 7012], [7017, 7017], [7267, 7267], [7270, 7271], [7435, 7435], [7437, 7437], [7515, 7516], [7520, 7520], [7539, 7539], [7560, 7560], [7681, 7683]]
/store/mc/RunIISummer16MiniAODv2/VBFHToTauTau_M125_13TeV_powheg_pythia8/MINIAODSIM/PUMoriond17_80X_mcRun2_asymptotic_2016_TrancheIV_v6-v1/80000/7A0E15E7-F9C5-E611-9065-D4AE526A0AB5.root
[[5698, 5699], [6157, 6158]]
/store/mc/RunIISummer16MiniAODv2/VBFHToTauTau_M125_13TeV_powheg_pythia8/MINIAODSIM/PUMoriond17_80X_mcRun2_asymptotic_2016_TrancheIV_v6-v1/80000/7CDCCE0A-82C7-E611-B200-848F69FD2A30.root
[[7077, 7080]]
/store/mc/RunIISummer16MiniAODv2/VBFHToTauTau_M125_13TeV_powheg_pythia8/MINIAODSIM/PUMoriond17_80X_mcRun2_asymptotic_2016_TrancheIV_v6-v1/80000/80F0F86C-1CC5-E611-A925-D4AE526A33F5.root
[[5971, 5971], [5973, 5973], [5975, 5975], [6389, 6389], [6683, 6684], [6697, 6698], [6952, 6955]]
/store/mc/RunIISummer16MiniAODv2/VBFHToTauTau_M125_13TeV_powheg_pythia8/MINIAODSIM/PUMoriond17_80X_mcRun2_asymptotic_2016_TrancheIV_v6-v1/80000/AE645788-AAC5-E611-B09D-002590DE6E86.root
[[1968, 1968], [2290, 2290], [2520, 2520], [2599, 2599], [2601, 2601], [2603, 2604], [2785, 2785], [2788, 2788], [4203, 4205], [4773, 4774], [4815, 4815], [4818, 4818], [5505, 5505]]
/store/mc/RunIISummer16MiniAODv2/VBFHToTauTau_M125_13TeV_powheg_pythia8/MINIAODSIM/PUMoriond17_80X_mcRun2_asymptotic_2016_TrancheIV_v6-v1/80000/CAF5ADF0-DCC2-E611-ADA9-00266CF3E4B8.root
[[125, 128], [255, 256], [258, 258], [260, 260], [337, 348], [367, 367], [369, 369], [372, 372], [457, 458], [463, 463], [507, 507], [552, 552], [589, 590], [592, 592], [750, 750], [756, 756], [918, 918], [920, 920], [922, 923], [986, 986], [990, 990], [1033, 1034], [1036, 1036], [1063, 1064], [1068, 1068], [1143, 1143], [1148, 1148], [1151, 1151], [1295, 1295], [1329, 1329], [1331, 1332], [1346, 1349], [1356, 1356], [1490, 1490], [1496, 1497], [2168, 2168], [2171, 2171], [2257, 2257], [2259, 2259], [2286, 2286], [2318, 2318], [2324, 2324], [2514, 2514], [2776, 2776], [2781, 2781], [2789, 2789], [2791, 2791], [2863, 2863], [2867, 2867], [2883, 2883], [2886, 2888], [2891, 2891], [2989, 2990], [2993, 2994], [2996, 2996], [3316, 3316], [3322, 3322], [3435, 3435], [3469, 3470], [3478, 3479], [3573, 3575], [3613, 3613], [3734, 3735], [3742, 3742], [3783, 3785], [3787, 3787], [3818, 3818], [3823, 3823], [3826, 3826], [3947, 3947], [3955, 3955], [3966, 3967], [3969, 3969], [3971, 3971], [4078, 4079], [4333, 4333], [4342, 4342], [4371, 4371], [4374, 4375], [4377, 4377], [4771, 4771], [4776, 4776], [4817, 4817], [4823, 4823], [4893, 4895], [4982, 4982], [5141, 5141], [5689, 5692], [5739, 5739], [5852, 5854], [5870, 5871], [5875, 5875], [5878, 5878], [5977, 5977], [5979, 5979], [5984, 5986], [6168, 6168], [6197, 6197], [6301, 6302], [6368, 6368], [6372, 6372], [6449, 6450], [6452, 6452], [6455, 6455], [6459, 6459], [6535, 6535], [6537, 6537], [6539, 6539], [6577, 6577], [6579, 6580], [6583, 6586], [6588, 6588], [6626, 6626], [6634, 6634], [6638, 6638], [6642, 6642], [6648, 6648], [6677, 6679], [6707, 6707], [6721, 6721], [6725, 6727], [6729, 6729], [6738, 6738], [6782, 6782], [6786, 6786], [6790, 6790], [6792, 6792], [6971, 6971], [7073, 7076], [7229, 7232], [7266, 7266], [7269, 7269], [7421, 7421], [7513, 7514], [7517, 7517], [7519, 7519], [7595, 7595], [7622, 7622], [7625, 7629], [7719, 7719]]
/store/mc/RunIISummer16MiniAODv2/VBFHToTauTau_M125_13TeV_powheg_pythia8/MINIAODSIM/PUMoriond17_80X_mcRun2_asymptotic_2016_TrancheIV_v6-v1/80000/FC75A139-9FC6-E611-86E8-008CFAFC0080.root
[[217, 218], [221, 222], [416, 417], [420, 420], [451, 451], [1350, 1351], [1977, 1979], [1995, 1995], [2330, 2330], [2332, 2333], [2335, 2335], [2859, 2860], [2882, 2882], [2885, 2885], [2960, 2960], [2962, 2962], [3334, 3334], [3339, 3339], [3341, 3341], [3515, 3515], [3820, 3821], [3938, 3938], [3973, 3973], [4096, 4096], [4487, 4487], [4563, 4563], [4567, 4567], [4909, 4910], [4917, 4917], [5673, 5675], [5743, 5743], [5746, 5747], [5845, 5845], [5851, 5851], [5869, 5869], [5874, 5874], [5879, 5879], [6312, 6312], [6722, 6724], [6728, 6728]]
